Mark_OBJ,480,384,0008ED66,0,1,1,4294967295,0,0
colizao,448,224,0008ED66,0,1,1,4294967295,0,0
colizao,480,256,0008ED66,0,1,1,4294967295,0,0
colizao,512,288,0008ED66,0,1,1,4294967295,0,0
colizao,544,320,0008ED66,0,1,1,4294967295,0,0
colizao,96,288,0008ED66,0,1,1,4294967295,0,0
colizao,128,256,0008ED66,0,1,1,4294967295,0,0
colizao,160,224,0008ED66,0,1,1,4294967295,0,0
colizao,192,224,0008ED66,0,1,1,4294967295,0,0
colizao,224,224,0008ED66,0,1,1,4294967295,0,0
colizao,256,224,0008ED66,0,1,1,4294967295,0,0
colizao,288,224,0008ED66,0,1,1,4294967295,0,0
colizao,320,224,0008ED66,0,1,1,4294967295,0,0
colizao,352,224,0008ED66,0,1,1,4294967295,0,0
colizao,384,224,0008ED66,0,1,1,4294967295,0,0
colizao,416,224,0008ED66,0,1,1,4294967295,0,0
colizao,0,352,0008ED66,0,1,1,4294967295,0,0
colizao,0,384,0008ED66,0,1,1,4294967295,0,0
colizao,0,416,0008ED66,0,1,1,4294967295,0,0
colizao,0,448,0008ED66,0,1,1,4294967295,0,0
colizao,32,416,0008ED66,0,1,1,4294967295,0,0
colizao,32,384,0008ED66,0,1,1,4294967295,0,0
colizao,512,64,0008ED66,0,1,1,4294967295,0,0
colizao,480,64,0008ED66,0,1,1,4294967295,0,0
colizao,480,32,0008ED66,0,1,1,4294967295,0,0
colizao,448,32,0008ED66,0,1,1,4294967295,0,0
colizao,416,32,0008ED66,0,1,1,4294967295,0,0
colizao,416,64,0008ED66,0,1,1,4294967295,0,0
colizao,384,64,0008ED66,0,1,1,4294967295,0,0
colizao,384,64,0008ED66,0,1,1,4294967295,0,0
colizao,352,64,0008ED66,0,1,1,4294967295,0,0
colizao,320,64,0008ED66,0,1,1,4294967295,0,0
colizao,288,64,0008ED66,0,1,1,4294967295,0,0
colizao,256,64,0008ED66,0,1,1,4294967295,0,0
colizao,224,64,0008ED66,0,1,1,4294967295,0,0
colizao,192,64,0008ED66,0,1,1,4294967295,0,0
colizao,384,192,0008ED66,0,1,1,4294967295,0,0
colizao,352,192,0008ED66,0,1,1,4294967295,0,0
colizao,320,192,0008ED66,0,1,1,4294967295,0,0
colizao,288,192,0008ED66,0,1,1,4294967295,0,0
colizao,256,192,0008ED66,0,1,1,4294967295,0,0
colizao,224,192,0008ED66,0,1,1,4294967295,0,0
player,416,128,0008ED66,0,1,1,4294967295,0,0
TP_NEON_CASTELIA_CITY,448,64,0008ED66,0,1,1,4294967295,0,0
Armario_OBJ,192,288,0008ED66,0,1,1,4294967295,0,0
TP_EVA_Emblem_Hangar,288,96,000979AE,0,1,1,4294967295,0,0
TP_EVA_Emblem_Hangar,320,96,00091E90,0,1,1,4294967295,0,0
colizao,160,64,0015D893,0,1,1,4294967295,0,0
colizao,128,96,00018828,0,1,1,4294967295,0,0
colizao,96,96,003FC867,0,1,1,4294967295,0,0
colizao,64,128,000E154E,0,1,1,4294967295,0,0
colizao,32,128,002F4B1A,0,1,1,4294967295,0,0
colizao,0,128,0031FD7C,0,1,1,4294967295,0,0
colizao,576,96,0010D330,0,1,1,4294967295,0,0
colizao,608,96,000D4DE4,0,1,1,4294967295,0,0
colizao,544,96,00250344,0,1,1,4294967295,0,0
