colizao,0,408,002B7F35,0,1,1,4294967295,0,0
colizao,32,408,00167311,0,1,1,4294967295,0,0
colizao,64,408,00249BC0,0,1,1,4294967295,0,0
colizao,96,408,0004C9E9,0,1,1,4294967295,0,0
colizao,128,408,001CEB07,0,1,1,4294967295,0,0
colizao,160,408,003FAA98,0,1,1,4294967295,0,0
colizao,192,408,00147B6D,0,1,1,4294967295,0,0
colizao,224,408,0037F497,0,1,1,4294967295,0,0
colizao,256,408,0016EAE7,0,1,1,4294967295,0,0
colizao,288,408,002222E9,0,1,1,4294967295,0,0
colizao,320,408,003BAF80,0,1,1,4294967295,0,0
colizao,352,408,0033BC32,0,1,1,4294967295,0,0
colizao,384,408,000D3A61,0,1,1,4294967295,0,0
colizao,416,408,001B9EBB,0,1,1,4294967295,0,0
colizao,448,408,00208F0D,0,1,1,4294967295,0,0
colizao,480,408,000F202D,0,1,1,4294967295,0,0
colizao,512,408,002940AD,0,1,1,4294967295,0,0
colizao,544,408,003BF8F4,0,1,1,4294967295,0,0
colizao,576,408,000AB401,0,1,1,4294967295,0,0
colizao,608,408,0038DA66,0,1,1,4294967295,0,0
colizao,640,408,0032F327,0,1,1,4294967295,0,0
colizao,672,408,00008F2C,0,1,1,4294967295,0,0
colizao,704,408,000876BF,0,1,1,4294967295,0,0
colizao,736,408,0022C240,0,1,1,4294967295,0,0
colizao,768,408,002DDF6F,0,1,1,4294967295,0,0
colizao,800,408,000FF781,0,1,1,4294967295,0,0
colizao,832,408,002C1552,0,1,1,4294967295,0,0
colizao,864,408,00002D7B,0,1,1,4294967295,0,0
colizao,896,408,0002F64A,0,1,1,4294967295,0,0
colizao,928,408,003698CE,0,1,1,4294967295,0,0
colizao,960,408,00216FEB,0,1,1,4294967295,0,0
colizao,992,408,00001285,0,1,1,4294967295,0,0
colizao,1024,408,00243D2B,0,1,1,4294967295,0,0
colizao,1056,408,00023F30,0,1,1,4294967295,0,0
colizao,1088,408,0011899B,0,1,1,4294967295,0,0
colizao,1120,408,00054777,0,1,1,4294967295,0,0
colizao,1152,408,002204A0,0,1,1,4294967295,0,0
colizao,1184,408,00219AFD,0,1,1,4294967295,0,0
colizao,1216,408,0013BC0F,0,1,1,4294967295,0,0
colizao,1248,408,002C3631,0,1,1,4294967295,0,0
colizao,1280,408,000201F0,0,1,1,4294967295,0,0
colizao,1312,408,0039DD87,0,1,1,4294967295,0,0
colizao,1344,408,0001A970,0,1,1,4294967295,0,0
colizao,1376,408,003AEACF,0,1,1,4294967295,0,0
colizao,1408,408,002EA78E,0,1,1,4294967295,0,0
colizao,1440,408,00010AF3,0,1,1,4294967295,0,0
colizao,1472,408,00115B45,0,1,1,4294967295,0,0
colizao,1504,408,002CEEA6,0,1,1,4294967295,0,0
colizao,1536,408,0029EC75,0,1,1,4294967295,0,0
colizao,1568,408,00302F58,0,1,1,4294967295,0,0
colizao,1600,408,00264247,0,1,1,4294967295,0,0
colizao,1632,408,0017F8CE,0,1,1,4294967295,0,0
colizao,1664,408,0002F7E7,0,1,1,4294967295,0,0
colizao,1696,408,0030FEDD,0,1,1,4294967295,0,0
colizao,1728,408,001E9FB7,0,1,1,4294967295,0,0
colizao,1768,408,00395C19,0,1,1,4294967295,0,0
colizao,1760,408,0014B372,0,1,1,4294967295,0,0
ENGAGE_CENTER,1480,504,00063D71,0,1,1,4294967295,0,0
TP_LUNATIC_CORP,1760,472,002F4EBA,0,1,1,4294967295,0,0
TP_LUNATIC_CORP,1760,504,0009EEC9,0,1,1,4294967295,0,0
TP_LUNATIC_CORP,1760,536,00298045,0,1,1,4294967295,0,0
TP_LUNATIC_CORP,1760,568,002EF5A8,0,1,1,4294967295,0,0
TP_LUNATIC_CORP,1760,600,002FAE84,0,1,1,4294967295,0,0
TP_LUNATIC_CORP,1760,632,000B8C3E,0,1,1,4294967295,0,0
TP_LUNATIC_CORP,1760,664,00317D75,0,1,1,4294967295,0,0
TP_LUNATIC_CORP,1760,696,001C27FF,0,1,1,4294967295,0,0
TP_LUNATIC_CORP,1760,728,000B23ED,0,1,1,4294967295,0,0
TP_LUNATIC_CORP,1760,760,00082F5A,0,1,1,4294967295,0,0
TP_NOOBFIELD_EXTERIOR,8,456,00038CC1,0,1,1,4294967295,0,0
TP_NOOBFIELD_EXTERIOR,8,488,00257032,0,1,1,4294967295,0,0
TP_NOOBFIELD_EXTERIOR,8,528,0019CF60,0,1,1,4294967295,0,0
TP_NOOBFIELD_EXTERIOR,8,560,0018B688,0,1,1,4294967295,0,0
TP_NOOBFIELD_EXTERIOR,8,592,00365FA5,0,1,1,4294967295,0,0
TP_NOOBFIELD_EXTERIOR,8,624,002C0704,0,1,1,4294967295,0,0
TP_NOOBFIELD_EXTERIOR,8,656,003225FC,0,1,1,4294967295,0,0
TP_NOOBFIELD_EXTERIOR,8,688,000D69CE,0,1,1,4294967295,0,0
TP_NOOBFIELD_EXTERIOR,8,720,00282FF1,0,1,1,4294967295,0,0
TP_NOOBFIELD_EXTERIOR,8,752,003909C6,0,1,1,4294967295,0,0
player,1440,600,001961F8,0,1,1,4294967295,0,0
Predio_Castelia_City,1040,600,002A8C1D,0,1,1,4294967295,0,0
PredioCasteliaCity_x0_7,288,440,0027E3AC,0,1,1,4294967295,0,0
predioCasteliaCity_x0_5,776,448,002AC51A,0,1,1,4294967295,0,0
Predio_Castelia_City,304,616,0004554F,0,1,1,4294967295,0,0
colizao,744,488,00349A74,0,1,1,4294967295,0,0
colizao,776,488,00323006,0,1,1,4294967295,0,0
colizao,248,736,0019DCC2,0,1,1,4294967295,0,0
colizao,280,736,002A834E,0,1,1,4294967295,0,0
colizao,312,736,001EEDA7,0,1,1,4294967295,0,0
colizao,344,736,001319B2,0,1,1,4294967295,0,0
colizao,984,720,002BDFF7,0,1,1,4294967295,0,0
colizao,1016,720,003F6D57,0,1,1,4294967295,0,0
colizao,1048,720,00395C3E,0,1,1,4294967295,0,0
colizao,1080,720,0005D22D,0,1,1,4294967295,0,0
Leaf_Enemy,648,528,001A99D6,0,1,1,4294967295,0,0
Nami_Burglar,384,720,0036A08D,0,1,1,4294967295,0,0
Nami_Burglar,528,456,000AF264,0,1,1,4294967295,0,0
Nami_Burglar,904,656,003C2C55,0,1,1,4294967295,0,0
Sakura_tree,656,432,0008E5B3,0,1,1,4294967295,0,0
