controlador_usina_mikubyl,288,96,004046F4,0,1,1,4294967295,0,0
EXIT_MIKUBYL,608,288,000FA3EE,0,1,1,4294967295,0,0
EXIT_MIKUBYL,640,256,00176F60,0,1,1,4294967295,0,0
EXIT_MIKUBYL,672,288,0006BBCF,0,1,1,4294967295,0,0
EXIT_MIKUBYL,640,288,00325238,0,1,1,4294967295,0,0
EXIT_MIKUBYL,608,256,00368C72,0,1,1,4294967295,0,0
EXIT_MIKUBYL,608,224,00303F95,0,1,1,4294967295,0,0
EXIT_MIKUBYL,640,224,00171350,0,1,1,4294967295,0,0
EXIT_MIKUBYL,672,224,0013B385,0,1,1,4294967295,0,0
EXIT_MIKUBYL,672,256,00391DCC,0,1,1,4294967295,0,0
obj_btn_up,736,400,002BE179,0,1,1,4294967295,0,0
obj_btn_down,736,480,00118C33,0,1,1,4294967295,0,0
obj_btn_space,720,528,003C7E71,0,1,1,4294967295,0,0
obj_btn_space,752,528,00176633,0,1,1,4294967295,0,0
obj_btn_space,752,560,00293EB5,0,1,1,4294967295,0,0
obj_btn_space,720,560,0036B39D,0,1,1,4294967295,0,0
