colizao,336,48,0008ED66,0,1,1,4294967295,0,0
colizao,352,64,003EB2DE,0,1,1,4294967295,0,0
colizao,368,80,0018E6B1,0,1,1,4294967295,0,0
colizao,384,96,00334CEC,0,1,1,4294967295,0,0
colizao,400,112,002F16BD,0,1,1,4294967295,0,0
colizao,432,112,002CBD6C,0,1,1,4294967295,0,0
colizao,448,128,0029B052,0,1,1,4294967295,0,0
colizao,464,144,002F6101,0,1,1,4294967295,0,0
colizao,496,144,0026F0DB,0,1,1,4294967295,0,0
colizao,512,160,001C8652,0,1,1,4294967295,0,0
colizao,528,176,002CB872,0,1,1,4294967295,0,0
colizao,544,192,0030CFD6,0,1,1,4294967295,0,0
colizao,576,192,0002D915,0,1,1,4294967295,0,0
colizao,608,192,00172AF9,0,1,1,4294967295,0,0
colizao,608,224,00145E9C,0,1,1,4294967295,0,0
colizao,640,224,000EA809,0,1,1,4294967295,0,0
colizao,640,256,0024EACF,0,1,1,4294967295,0,0
colizao,672,256,0000FF58,0,1,1,4294967295,0,0
colizao,704,288,003370E5,0,1,1,4294967295,0,0
colizao,736,288,00014F0C,0,1,1,4294967295,0,0
colizao,768,288,0037A3DB,0,1,1,4294967295,0,0
colizao,768,320,00186FB1,0,1,1,4294967295,0,0
colizao,800,320,0015AF5D,0,1,1,4294967295,0,0
colizao,832,352,0011053F,0,1,1,4294967295,0,0
colizao,864,352,003D88C2,0,1,1,4294967295,0,0
colizao,896,352,003E0D1E,0,1,1,4294967295,0,0
colizao,896,384,002C8712,0,1,1,4294967295,0,0
colizao,928,384,00144DAD,0,1,1,4294967295,0,0
colizao,928,416,0019D09D,0,1,1,4294967295,0,0
colizao,960,416,003DDB71,0,1,1,4294967295,0,0
colizao,992,416,00365BAB,0,1,1,4294967295,0,0
colizao,992,448,0036C433,0,1,1,4294967295,0,0
colizao,1024,448,000247AC,0,1,1,4294967295,0,0
colizao,1024,480,003EE189,0,1,1,4294967295,0,0
colizao,1056,480,00107651,0,1,1,4294967295,0,0
colizao,1088,480,0010E2E5,0,1,1,4294967295,0,0
colizao,1088,512,000EA7C0,0,1,1,4294967295,0,0
colizao,1120,512,00004E12,0,1,1,4294967295,0,0
colizao,1152,512,001B7396,0,1,1,4294967295,0,0
colizao,1184,512,0030AD0D,0,1,1,4294967295,0,0
colizao,1184,544,002FB2B6,0,1,1,4294967295,0,0
colizao,1216,544,001721E9,0,1,1,4294967295,0,0
colizao,1248,544,001220D7,0,1,1,4294967295,0,0
colizao,1248,576,002E1A72,0,1,1,4294967295,0,0
colizao,1280,576,002EA8E6,0,1,1,4294967295,0,0
colizao,1312,576,003C7155,0,1,1,4294967295,0,0
colizao,1312,608,001E5F1C,0,1,1,4294967295,0,0
colizao,1344,608,00179284,0,1,1,4294967295,0,0
colizao,1376,608,0026A16B,0,1,1,4294967295,0,0
colizao,1696,800,001B0F96,0,1,1,4294967295,0,0
colizao,1728,800,003DBF95,0,1,1,4294967295,0,0
colizao,1728,832,000DC48C,0,1,1,4294967295,0,0
colizao,1760,832,0006CC72,0,1,1,4294967295,0,0
colizao,1408,608,00110495,0,1,1,4294967295,0,0
colizao,1408,640,001F6E1F,0,1,1,4294967295,0,0
colizao,1440,640,000B78C0,0,1,1,4294967295,0,0
colizao,1440,672,00247317,0,1,1,4294967295,0,0
colizao,1472,672,000B6096,0,1,1,4294967295,0,0
colizao,1504,704,0039219B,0,1,1,4294967295,0,0
colizao,1536,704,000A7205,0,1,1,4294967295,0,0
colizao,1536,736,0025A725,0,1,1,4294967295,0,0
colizao,1568,736,00379EAA,0,1,1,4294967295,0,0
colizao,1600,736,003C530B,0,1,1,4294967295,0,0
colizao,1632,768,003801BB,0,1,1,4294967295,0,0
colizao,1664,768,003C6371,0,1,1,4294967295,0,0
colizao,1664,800,00250E7C,0,1,1,4294967295,0,0
colizao,1696,800,0001A421,0,1,1,4294967295,0,0
colizao,1728,800,00140F9C,0,1,1,4294967295,0,0
colizao,1728,832,0035531B,0,1,1,4294967295,0,0
colizao,1760,832,00218D02,0,1,1,4294967295,0,0
colizao,1792,832,0018A66D,0,1,1,4294967295,0,0
colizao,1824,864,003B20EF,0,1,1,4294967295,0,0
colizao,1856,864,00329F1A,0,1,1,4294967295,0,0
colizao,1888,896,00098C7C,0,1,1,4294967295,0,0
colizao,1920,896,00329EB2,0,1,1,4294967295,0,0
colizao,1920,928,00000EB4,0,1,1,4294967295,0,0
colizao,1952,928,002A77CF,0,1,1,4294967295,0,0
colizao,1984,928,003B59F7,0,1,1,4294967295,0,0
colizao,2016,928,003BA4B3,0,1,1,4294967295,0,0
colizao,2016,960,000A4503,0,1,1,4294967295,0,0
colizao,2048,960,003770EF,0,1,1,4294967295,0,0
colizao,2080,960,0035498C,0,1,1,4294967295,0,0
colizao,2080,992,000C8EC5,0,1,1,4294967295,0,0
colizao,2112,992,0025DBDE,0,1,1,4294967295,0,0
colizao,2144,992,00193786,0,1,1,4294967295,0,0
colizao,2176,992,00117E83,0,1,1,4294967295,0,0
colizao,2208,992,002B2734,0,1,1,4294967295,0,0
colizao,2240,992,002662B9,0,1,1,4294967295,0,0
colizao,2240,1024,003541BF,0,1,1,4294967295,0,0
colizao,2208,1024,00007050,0,1,1,4294967295,0,0
colizao,2208,1056,00100B6A,0,1,1,4294967295,0,0
colizao,2176,1056,002C22F8,0,1,1,4294967295,0,0
colizao,2144,1056,0024CE9C,0,1,1,4294967295,0,0
colizao,2112,1056,002BE30D,0,1,1,4294967295,0,0
colizao,2112,1088,00312AF0,0,1,1,4294967295,0,0
colizao,2080,1088,002F271F,0,1,1,4294967295,0,0
colizao,2048,1088,0007AD60,0,1,1,4294967295,0,0
colizao,2016,1088,0031FE9A,0,1,1,4294967295,0,0
colizao,2016,1120,0002C955,0,1,1,4294967295,0,0
colizao,1984,1120,0008DB1C,0,1,1,4294967295,0,0
colizao,1952,1120,000B4F77,0,1,1,4294967295,0,0
colizao,1920,1120,001984FC,0,1,1,4294967295,0,0
colizao,1888,1120,002003B0,0,1,1,4294967295,0,0
colizao,1888,1152,003F6D29,0,1,1,4294967295,0,0
colizao,1856,1152,0025C4D9,0,1,1,4294967295,0,0
colizao,1824,1152,003D6D38,0,1,1,4294967295,0,0
colizao,1824,1184,003002A1,0,1,1,4294967295,0,0
colizao,1792,1184,0017B9A0,0,1,1,4294967295,0,0
colizao,1760,1184,00274667,0,1,1,4294967295,0,0
colizao,1728,1184,002F41A8,0,1,1,4294967295,0,0
colizao,1696,1216,001ECCF0,0,1,1,4294967295,0,0
colizao,1664,1216,0034669A,0,1,1,4294967295,0,0
colizao,1632,1216,00352645,0,1,1,4294967295,0,0
colizao,1632,1248,00031F82,0,1,1,4294967295,0,0
colizao,1600,1248,002E37A7,0,1,1,4294967295,0,0
colizao,1568,1248,00373C85,0,1,1,4294967295,0,0
colizao,1568,1280,002AED9E,0,1,1,4294967295,0,0
colizao,1536,1280,0026CDE2,0,1,1,4294967295,0,0
colizao,1504,1280,000FB73D,0,1,1,4294967295,0,0
colizao,1472,1280,002170B2,0,1,1,4294967295,0,0
colizao,1472,1312,000D23F1,0,1,1,4294967295,0,0
colizao,1440,1312,00000DFB,0,1,1,4294967295,0,0
colizao,1408,1312,00167A31,0,1,1,4294967295,0,0
colizao,1376,1312,00282A1D,0,1,1,4294967295,0,0
colizao,1376,1344,0019475C,0,1,1,4294967295,0,0
colizao,1344,1344,0012F01C,0,1,1,4294967295,0,0
colizao,1312,1344,0031841B,0,1,1,4294967295,0,0
colizao,1280,1344,0017C5B9,0,1,1,4294967295,0,0
colizao,1248,1344,0000A6F1,0,1,1,4294967295,0,0
colizao,1248,1376,00056E0C,0,1,1,4294967295,0,0
colizao,1216,1376,001C7C85,0,1,1,4294967295,0,0
colizao,1184,1376,002BD782,0,1,1,4294967295,0,0
colizao,1152,1376,00238BDA,0,1,1,4294967295,0,0
colizao,1120,1408,0005D51C,0,1,1,4294967295,0,0
colizao,1088,1408,0029D464,0,1,1,4294967295,0,0
colizao,1088,1440,003E63EE,0,1,1,4294967295,0,0
colizao,1056,1440,001E725D,0,1,1,4294967295,0,0
colizao,1024,1440,00394982,0,1,1,4294967295,0,0
colizao,1024,1472,002CFA34,0,1,1,4294967295,0,0
colizao,992,1472,00103827,0,1,1,4294967295,0,0
colizao,960,1472,0016669E,0,1,1,4294967295,0,0
colizao,928,1472,002A3DF8,0,1,1,4294967295,0,0
colizao,896,1472,0019CE93,0,1,1,4294967295,0,0
colizao,896,1504,002C25C6,0,1,1,4294967295,0,0
colizao,864,1504,003EC0AC,0,1,1,4294967295,0,0
colizao,832,1504,0039D223,0,1,1,4294967295,0,0
colizao,832,1536,001A141C,0,1,1,4294967295,0,0
colizao,800,1536,0038510D,0,1,1,4294967295,0,0
colizao,768,1536,00105667,0,1,1,4294967295,0,0
colizao,736,1536,00312894,0,1,1,4294967295,0,0
colizao,704,1536,00196916,0,1,1,4294967295,0,0
colizao,704,1536,0014C81A,0,1,1,4294967295,0,0
colizao,704,1568,002AAAF4,0,1,1,4294967295,0,0
colizao,672,1568,0027FEAC,0,1,1,4294967295,0,0
colizao,640,1568,003C24D7,0,1,1,4294967295,0,0
colizao,608,1568,001BC707,0,1,1,4294967295,0,0
colizao,576,1568,000C7DA4,0,1,1,4294967295,0,0
colizao,576,1600,000FC6E8,0,1,1,4294967295,0,0
colizao,544,1600,001C59AA,0,1,1,4294967295,0,0
colizao,512,1600,001AB8A4,0,1,1,4294967295,0,0
colizao,480,1600,0000D193,0,1,1,4294967295,0,0
colizao,448,1600,0023F9CD,0,1,1,4294967295,0,0
colizao,416,1600,0012D34D,0,1,1,4294967295,0,0
colizao,384,1600,0009A1F2,0,1,1,4294967295,0,0
colizao,352,1600,0028A5CA,0,1,1,4294967295,0,0
colizao,320,1600,0027B0A0,0,1,1,4294967295,0,0
colizao,288,1600,0015ADB2,0,1,1,4294967295,0,0
colizao,256,1600,004034E6,0,1,1,4294967295,0,0
colizao,256,1632,00255612,0,1,1,4294967295,0,0
colizao,224,1632,0008B649,0,1,1,4294967295,0,0
colizao,192,1632,00011C1B,0,1,1,4294967295,0,0
colizao,192,1664,001766B3,0,1,1,4294967295,0,0
colizao,160,1664,004023E8,0,1,1,4294967295,0,0
colizao,128,1664,003DD7C6,0,1,1,4294967295,0,0
colizao,128,1696,001F8FFE,0,1,1,4294967295,0,0
colizao,128,1728,00251D46,0,1,1,4294967295,0,0
colizao,128,1760,003F5BCE,0,1,1,4294967295,0,0
colizao,96,1760,00402C05,0,1,1,4294967295,0,0
colizao,96,1792,00276DFB,0,1,1,4294967295,0,0
colizao,96,1824,000B4B79,0,1,1,4294967295,0,0
colizao,128,1824,0013F6FC,0,1,1,4294967295,0,0
colizao,128,1856,00130A9D,0,1,1,4294967295,0,0
colizao,128,1888,00265A78,0,1,1,4294967295,0,0
colizao,160,1888,0004D4D8,0,1,1,4294967295,0,0
colizao,160,1920,003F99DA,0,1,1,4294967295,0,0
colizao,192,1920,003AC677,0,1,1,4294967295,0,0
colizao,192,1952,000F68C9,0,1,1,4294967295,0,0
colizao,224,1952,003010CF,0,1,1,4294967295,0,0
colizao,224,1984,0039C93B,0,1,1,4294967295,0,0
colizao,256,1984,00110C31,0,1,1,4294967295,0,0
colizao,256,2016,00129941,0,1,1,4294967295,0,0
colizao,288,2016,000DC44C,0,1,1,4294967295,0,0
colizao,288,2048,003095B4,0,1,1,4294967295,0,0
colizao,320,2048,0015F736,0,1,1,4294967295,0,0
colizao,320,2080,0015E9B0,0,1,1,4294967295,0,0
colizao,352,2080,0016BC1D,0,1,1,4294967295,0,0
colizao,384,2080,00180492,0,1,1,4294967295,0,0
colizao,384,2112,00222F9E,0,1,1,4294967295,0,0
colizao,448,2080,002EE156,0,1,1,4294967295,0,0
colizao,480,2112,003AAEB6,0,1,1,4294967295,0,0
colizao,512,2112,00126B9A,0,1,1,4294967295,0,0
colizao,512,2144,0004AA46,0,1,1,4294967295,0,0
colizao,544,2144,0026AB6B,0,1,1,4294967295,0,0
colizao,544,2176,0022CD18,0,1,1,4294967295,0,0
colizao,576,2176,00007320,0,1,1,4294967295,0,0
colizao,608,2176,003A06E5,0,1,1,4294967295,0,0
colizao,608,2208,000B4EE8,0,1,1,4294967295,0,0
colizao,640,2208,001CE6C1,0,1,1,4294967295,0,0
colizao,640,2240,00120A17,0,1,1,4294967295,0,0
colizao,672,2240,0027C712,0,1,1,4294967295,0,0
colizao,704,2240,00352731,0,1,1,4294967295,0,0
colizao,704,2272,002DC899,0,1,1,4294967295,0,0
colizao,736,2272,002C863F,0,1,1,4294967295,0,0
colizao,768,2272,0016AF33,0,1,1,4294967295,0,0
colizao,800,2304,000F92B2,0,1,1,4294967295,0,0
colizao,832,2304,00298F15,0,1,1,4294967295,0,0
colizao,832,2336,00113E05,0,1,1,4294967295,0,0
colizao,864,2336,002606DE,0,1,1,4294967295,0,0
colizao,896,2336,002E058B,0,1,1,4294967295,0,0
colizao,896,2368,0025FF25,0,1,1,4294967295,0,0
colizao,2144,3072,0030B8BA,0,1,1,4294967295,0,0
colizao,2176,3072,001B0CE5,0,1,1,4294967295,0,0
colizao,2176,3104,0027A66A,0,1,1,4294967295,0,0
colizao,2208,3104,001BD307,0,1,1,4294967295,0,0
colizao,2240,3104,00176636,0,1,1,4294967295,0,0
colizao,2272,3104,0015F7CF,0,1,1,4294967295,0,0
colizao,2272,3136,0034E33B,0,1,1,4294967295,0,0
colizao,2304,3136,00304D67,0,1,1,4294967295,0,0
colizao,896,2336,0035AEF9,0,1,1,4294967295,0,0
colizao,896,2368,00087557,0,1,1,4294967295,0,0
colizao,928,2368,00274819,0,1,1,4294967295,0,0
colizao,960,2368,0018E70F,0,1,1,4294967295,0,0
colizao,960,2400,001CD93D,0,1,1,4294967295,0,0
colizao,992,2400,000AB7CC,0,1,1,4294967295,0,0
colizao,1024,2400,00326A22,0,1,1,4294967295,0,0
colizao,1056,2432,002010E0,0,1,1,4294967295,0,0
colizao,1184,2496,0039698F,0,1,1,4294967295,0,0
colizao,1216,2528,002A8100,0,1,1,4294967295,0,0
colizao,1248,2528,000B6C89,0,1,1,4294967295,0,0
colizao,1280,2528,003735AA,0,1,1,4294967295,0,0
colizao,1280,2560,00267711,0,1,1,4294967295,0,0
colizao,1312,2560,001AA72F,0,1,1,4294967295,0,0
colizao,1312,2592,001FCD12,0,1,1,4294967295,0,0
colizao,1344,2592,003FED3C,0,1,1,4294967295,0,0
colizao,1344,2624,0003996F,0,1,1,4294967295,0,0
colizao,1376,2624,003F363B,0,1,1,4294967295,0,0
colizao,1088,2432,002D1E6C,0,1,1,4294967295,0,0
colizao,1120,2464,0031034D,0,1,1,4294967295,0,0
colizao,1152,2464,000EFEA8,0,1,1,4294967295,0,0
colizao,1408,2624,000C4F32,0,1,1,4294967295,0,0
colizao,1440,2624,00050E1E,0,1,1,4294967295,0,0
colizao,1440,2656,000BAD1A,0,1,1,4294967295,0,0
colizao,1472,2656,002A809D,0,1,1,4294967295,0,0
colizao,1504,2656,002586E9,0,1,1,4294967295,0,0
colizao,1504,2688,002B939A,0,1,1,4294967295,0,0
colizao,1536,2688,000B3614,0,1,1,4294967295,0,0
colizao,1536,2720,001647A3,0,1,1,4294967295,0,0
colizao,1568,2720,000AE684,0,1,1,4294967295,0,0
colizao,1568,2752,0030183E,0,1,1,4294967295,0,0
colizao,1600,2752,000946F3,0,1,1,4294967295,0,0
colizao,1600,2784,00276101,0,1,1,4294967295,0,0
colizao,1632,2784,0032D639,0,1,1,4294967295,0,0
colizao,1664,2816,002AB5C2,0,1,1,4294967295,0,0
colizao,1696,2816,003738B6,0,1,1,4294967295,0,0
colizao,1696,2848,0004DB51,0,1,1,4294967295,0,0
colizao,1728,2848,000B3681,0,1,1,4294967295,0,0
colizao,1760,2848,0015D959,0,1,1,4294967295,0,0
colizao,1792,2880,001D1664,0,1,1,4294967295,0,0
colizao,1824,2880,00176B53,0,1,1,4294967295,0,0
colizao,1856,2880,003FC5AA,0,1,1,4294967295,0,0
colizao,1856,2912,00016FFD,0,1,1,4294967295,0,0
colizao,1888,2912,003A64F2,0,1,1,4294967295,0,0
colizao,1888,2944,002B8A5D,0,1,1,4294967295,0,0
colizao,1920,2944,003DB2CA,0,1,1,4294967295,0,0
colizao,1952,2944,0008DF57,0,1,1,4294967295,0,0
colizao,1952,2976,0018F253,0,1,1,4294967295,0,0
colizao,1984,2976,000CA91A,0,1,1,4294967295,0,0
colizao,2016,2976,001F948F,0,1,1,4294967295,0,0
colizao,2016,3008,0032FF0C,0,1,1,4294967295,0,0
colizao,2048,3008,00092F39,0,1,1,4294967295,0,0
colizao,2080,3008,00151509,0,1,1,4294967295,0,0
colizao,2112,3040,0000C5B1,0,1,1,4294967295,0,0
colizao,2144,3040,0015643A,0,1,1,4294967295,0,0
colizao,2176,3040,00168C02,0,1,1,4294967295,0,0
colizao,2208,3040,001A7739,0,1,1,4294967295,0,0
colizao,2208,3072,002D1DC5,0,1,1,4294967295,0,0
colizao,2240,3072,001A07A4,0,1,1,4294967295,0,0
colizao,2272,3072,00364C1F,0,1,1,4294967295,0,0
colizao,2272,3104,001E5CB2,0,1,1,4294967295,0,0
colizao,2336,3136,000340E1,0,1,1,4294967295,0,0
colizao,2368,3136,00241800,0,1,1,4294967295,0,0
colizao,2400,3136,0023F866,0,1,1,4294967295,0,0
colizao,2432,3136,00351A4C,0,1,1,4294967295,0,0
colizao,2464,3136,0038EC8D,0,1,1,4294967295,0,0
colizao,2496,3136,0014C256,0,1,1,4294967295,0,0
colizao,2528,3136,000A4F0F,0,1,1,4294967295,0,0
colizao,2560,3136,002FB3B4,0,1,1,4294967295,0,0
colizao,2592,3136,001DDEF2,0,1,1,4294967295,0,0
colizao,2592,3104,000D13F0,0,1,1,4294967295,0,0
colizao,2624,3104,003125A0,0,1,1,4294967295,0,0
colizao,2624,3072,003C6A64,0,1,1,4294967295,0,0
colizao,2624,3040,002C078D,0,1,1,4294967295,0,0
colizao,2624,3008,000130B3,0,1,1,4294967295,0,0
colizao,2624,2976,003F654D,0,1,1,4294967295,0,0
colizao,2624,2944,0020B515,0,1,1,4294967295,0,0
colizao,2624,2912,00150454,0,1,1,4294967295,0,0
colizao,2624,2880,002CE242,0,1,1,4294967295,0,0
colizao,2624,2848,003BF638,0,1,1,4294967295,0,0
colizao,2592,2848,001C1FD0,0,1,1,4294967295,0,0
colizao,2560,2848,0002AB2A,0,1,1,4294967295,0,0
colizao,2528,2848,001B7AF7,0,1,1,4294967295,0,0
colizao,2496,2848,000B4213,0,1,1,4294967295,0,0
colizao,2432,2848,000CDBBA,0,1,1,4294967295,0,0
colizao,2400,2848,000C77DD,0,1,1,4294967295,0,0
colizao,2368,2848,003CC704,0,1,1,4294967295,0,0
colizao,2336,2848,0025248E,0,1,1,4294967295,0,0
colizao,2368,2848,000855D6,0,1,1,4294967295,0,0
colizao,2400,2848,003D0CD6,0,1,1,4294967295,0,0
colizao,2432,2848,0034557E,0,1,1,4294967295,0,0
colizao,2464,2848,00205DF7,0,1,1,4294967295,0,0
colizao,2304,2848,00336FB9,0,1,1,4294967295,0,0
colizao,2272,2848,000A1238,0,1,1,4294967295,0,0
colizao,2240,2848,001AD6F3,0,1,1,4294967295,0,0
colizao,2208,2848,003B93FD,0,1,1,4294967295,0,0
colizao,2144,2784,00343261,0,1,1,4294967295,0,0
colizao,2112,2784,00302EE2,0,1,1,4294967295,0,0
colizao,2112,2752,0015C9A9,0,1,1,4294967295,0,0
colizao,2080,2752,00302A9F,0,1,1,4294967295,0,0
colizao,2080,2720,003A0E68,0,1,1,4294967295,0,0
colizao,2048,2720,0039E09C,0,1,1,4294967295,0,0
colizao,2016,2720,0034EC3B,0,1,1,4294967295,0,0
colizao,2016,2688,0016FE52,0,1,1,4294967295,0,0
colizao,1984,2688,0003A2AF,0,1,1,4294967295,0,0
colizao,1984,2656,000EA556,0,1,1,4294967295,0,0
colizao,1952,2656,00015247,0,1,1,4294967295,0,0
colizao,1920,2656,0031E10F,0,1,1,4294967295,0,0
colizao,1920,2624,003C3C65,0,1,1,4294967295,0,0
colizao,1888,2624,003A6CD0,0,1,1,4294967295,0,0
colizao,1856,2624,002E1F9C,0,1,1,4294967295,0,0
colizao,1856,2592,00010DA3,0,1,1,4294967295,0,0
colizao,1824,2592,0028641B,0,1,1,4294967295,0,0
colizao,1824,2560,000F88D4,0,1,1,4294967295,0,0
colizao,1792,2560,00058B9B,0,1,1,4294967295,0,0
colizao,1792,2528,0013D762,0,1,1,4294967295,0,0
colizao,1760,2528,0021C8DC,0,1,1,4294967295,0,0
colizao,1728,2528,002A419D,0,1,1,4294967295,0,0
colizao,1728,2496,001ABD4F,0,1,1,4294967295,0,0
colizao,1696,2496,0011AA78,0,1,1,4294967295,0,0
colizao,2144,2784,001491D3,0,1,1,4294967295,0,0
colizao,2176,2784,0024FF36,0,1,1,4294967295,0,0
colizao,2176,2816,00239D38,0,1,1,4294967295,0,0
colizao,2208,2816,000232D1,0,1,1,4294967295,0,0
colizao,1664,2496,0002DF75,0,1,1,4294967295,0,0
colizao,1632,2464,003B7826,0,1,1,4294967295,0,0
colizao,1600,2464,00040AAA,0,1,1,4294967295,0,0
colizao,1600,2432,0015D7AE,0,1,1,4294967295,0,0
colizao,1568,2432,0029AE33,0,1,1,4294967295,0,0
colizao,1536,2432,00004841,0,1,1,4294967295,0,0
colizao,1504,2432,00072A55,0,1,1,4294967295,0,0
colizao,1504,2400,002CB4BB,0,1,1,4294967295,0,0
colizao,1472,2400,001D039C,0,1,1,4294967295,0,0
colizao,1472,2368,002752B0,0,1,1,4294967295,0,0
colizao,1440,2368,0019B1C5,0,1,1,4294967295,0,0
colizao,1408,2368,003B90D7,0,1,1,4294967295,0,0
colizao,1408,2336,0001DC72,0,1,1,4294967295,0,0
colizao,1376,2336,0038542A,0,1,1,4294967295,0,0
colizao,1344,2336,00209633,0,1,1,4294967295,0,0
colizao,1344,2304,00391EC0,0,1,1,4294967295,0,0
colizao,1312,2304,000F2F13,0,1,1,4294967295,0,0
colizao,1280,2304,003A404D,0,1,1,4294967295,0,0
colizao,1248,2272,0036426F,0,1,1,4294967295,0,0
colizao,1216,2272,001757F2,0,1,1,4294967295,0,0
colizao,1216,2240,0033C6F1,0,1,1,4294967295,0,0
colizao,1184,2240,0000024D,0,1,1,4294967295,0,0
colizao,1152,2240,003C3A93,0,1,1,4294967295,0,0
colizao,1120,2208,001EDDAD,0,1,1,4294967295,0,0
colizao,1088,2208,003D0F85,0,1,1,4294967295,0,0
colizao,1088,2176,00205F0C,0,1,1,4294967295,0,0
colizao,1056,2176,002E79DB,0,1,1,4294967295,0,0
colizao,1056,2144,001D4558,0,1,1,4294967295,0,0
colizao,1024,2144,00016F48,0,1,1,4294967295,0,0
colizao,1024,2112,00176648,0,1,1,4294967295,0,0
colizao,992,2112,00399E2F,0,1,1,4294967295,0,0
colizao,960,2112,0034F3CF,0,1,1,4294967295,0,0
colizao,928,2112,0031B4E3,0,1,1,4294967295,0,0
colizao,928,2080,001023C8,0,1,1,4294967295,0,0
colizao,896,2080,00189703,0,1,1,4294967295,0,0
colizao,864,2080,001D6635,0,1,1,4294967295,0,0
colizao,864,2048,0015F8DD,0,1,1,4294967295,0,0
colizao,832,2048,00271EB4,0,1,1,4294967295,0,0
colizao,800,2048,00154C06,0,1,1,4294967295,0,0
colizao,800,2016,003F6551,0,1,1,4294967295,0,0
colizao,768,2016,001E1EF5,0,1,1,4294967295,0,0
colizao,736,2016,0006D462,0,1,1,4294967295,0,0
colizao,736,1984,00272746,0,1,1,4294967295,0,0
colizao,704,1984,0028A05F,0,1,1,4294967295,0,0
colizao,672,1984,001A27FE,0,1,1,4294967295,0,0
colizao,640,1984,0039CE1A,0,1,1,4294967295,0,0
colizao,640,1952,0026D16C,0,1,1,4294967295,0,0
colizao,608,1952,000782F1,0,1,1,4294967295,0,0
colizao,576,1920,0010B913,0,1,1,4294967295,0,0
colizao,544,1920,0019ECD1,0,1,1,4294967295,0,0
colizao,544,1888,000559D3,0,1,1,4294967295,0,0
colizao,512,1888,002EE412,0,1,1,4294967295,0,0
colizao,480,1888,000F6014,0,1,1,4294967295,0,0
colizao,480,1856,0012B0E1,0,1,1,4294967295,0,0
colizao,512,1856,0018516B,0,1,1,4294967295,0,0
colizao,544,1856,0012F55E,0,1,1,4294967295,0,0
colizao,576,1824,00228D75,0,1,1,4294967295,0,0
colizao,576,1856,00280260,0,1,1,4294967295,0,0
colizao,608,1856,0021FC7A,0,1,1,4294967295,0,0
colizao,608,1824,001547B2,0,1,1,4294967295,0,0
colizao,640,1824,00105FAF,0,1,1,4294967295,0,0
colizao,672,1824,00004F40,0,1,1,4294967295,0,0
colizao,704,1824,0015E83A,0,1,1,4294967295,0,0
colizao,704,1792,003C017D,0,1,1,4294967295,0,0
colizao,736,1792,00243C63,0,1,1,4294967295,0,0
colizao,768,1792,00194E20,0,1,1,4294967295,0,0
colizao,768,1760,003A2750,0,1,1,4294967295,0,0
colizao,800,1760,000983ED,0,1,1,4294967295,0,0
colizao,832,1760,000EC9CB,0,1,1,4294967295,0,0
colizao,832,1728,00344A94,0,1,1,4294967295,0,0
colizao,864,1728,003B7570,0,1,1,4294967295,0,0
colizao,896,1728,000519F8,0,1,1,4294967295,0,0
colizao,928,1728,002E81FD,0,1,1,4294967295,0,0
colizao,928,1696,003587A6,0,1,1,4294967295,0,0
colizao,960,1696,000E16BD,0,1,1,4294967295,0,0
colizao,992,1696,0013537C,0,1,1,4294967295,0,0
colizao,1024,1696,0032D4D8,0,1,1,4294967295,0,0
colizao,1024,1664,002480A5,0,1,1,4294967295,0,0
colizao,1056,1664,003B9EDD,0,1,1,4294967295,0,0
colizao,1088,1664,00052B82,0,1,1,4294967295,0,0
colizao,1088,1632,000C1396,0,1,1,4294967295,0,0
colizao,1120,1632,003FDF6C,0,1,1,4294967295,0,0
colizao,1152,1632,001770A5,0,1,1,4294967295,0,0
colizao,1184,1632,0011CA39,0,1,1,4294967295,0,0
colizao,1184,1600,0019C015,0,1,1,4294967295,0,0
colizao,1216,1600,001E7E30,0,1,1,4294967295,0,0
colizao,1248,1600,0023BBAA,0,1,1,4294967295,0,0
colizao,1280,1600,003EADA1,0,1,1,4294967295,0,0
colizao,1280,1568,0027F09F,0,1,1,4294967295,0,0
colizao,1312,1568,0014585E,0,1,1,4294967295,0,0
colizao,1344,1568,003B4B0A,0,1,1,4294967295,0,0
colizao,1344,1536,003A4240,0,1,1,4294967295,0,0
colizao,1376,1536,00179E64,0,1,1,4294967295,0,0
colizao,1408,1536,001ED519,0,1,1,4294967295,0,0
colizao,1408,1504,00349E9F,0,1,1,4294967295,0,0
colizao,1440,1504,0018108C,0,1,1,4294967295,0,0
colizao,1472,1504,0024856E,0,1,1,4294967295,0,0
colizao,1504,1504,001A57C0,0,1,1,4294967295,0,0
colizao,1536,1504,000E4845,0,1,1,4294967295,0,0
colizao,1536,1472,0030A88A,0,1,1,4294967295,0,0
colizao,1568,1472,0013C249,0,1,1,4294967295,0,0
colizao,1600,1472,00102DDA,0,1,1,4294967295,0,0
colizao,1632,1472,000F02A0,0,1,1,4294967295,0,0
colizao,1664,1472,000C2B59,0,1,1,4294967295,0,0
colizao,1696,1472,000B7D91,0,1,1,4294967295,0,0
colizao,1696,1440,002B0C93,0,1,1,4294967295,0,0
colizao,1728,1440,000FE64B,0,1,1,4294967295,0,0
colizao,1760,1440,003D7625,0,1,1,4294967295,0,0
colizao,1792,1440,00297E52,0,1,1,4294967295,0,0
colizao,1824,1440,001202A0,0,1,1,4294967295,0,0
colizao,1824,1408,003CFE62,0,1,1,4294967295,0,0
colizao,1856,1408,0033536F,0,1,1,4294967295,0,0
colizao,1888,1408,003EAAF4,0,1,1,4294967295,0,0
colizao,1888,1376,002F6EC4,0,1,1,4294967295,0,0
colizao,1920,1376,0019AAC9,0,1,1,4294967295,0,0
colizao,1952,1376,0019D1DB,0,1,1,4294967295,0,0
colizao,1984,1376,001D5364,0,1,1,4294967295,0,0
colizao,2016,1376,000153F1,0,1,1,4294967295,0,0
colizao,2016,1344,003CA32E,0,1,1,4294967295,0,0
colizao,2048,1344,0021514D,0,1,1,4294967295,0,0
colizao,2080,1344,00300C3E,0,1,1,4294967295,0,0
colizao,2112,1344,0029774C,0,1,1,4294967295,0,0
colizao,2112,1312,0002F17B,0,1,1,4294967295,0,0
colizao,2144,1312,002886E9,0,1,1,4294967295,0,0
colizao,2176,1312,0033598E,0,1,1,4294967295,0,0
colizao,2208,1312,00342053,0,1,1,4294967295,0,0
colizao,2240,1312,002D0300,0,1,1,4294967295,0,0
colizao,2240,1280,001BAA30,0,1,1,4294967295,0,0
colizao,2272,1280,001C7F3B,0,1,1,4294967295,0,0
colizao,2304,1280,0017F12C,0,1,1,4294967295,0,0
colizao,2304,1248,002035CE,0,1,1,4294967295,0,0
colizao,2336,1248,0016D65B,0,1,1,4294967295,0,0
colizao,2368,1248,0015C328,0,1,1,4294967295,0,0
colizao,2368,1216,0022D1A3,0,1,1,4294967295,0,0
colizao,2400,1216,00218A07,0,1,1,4294967295,0,0
colizao,2432,1216,001B0146,0,1,1,4294967295,0,0
colizao,2464,1216,00114964,0,1,1,4294967295,0,0
colizao,2464,1184,0028E9F4,0,1,1,4294967295,0,0
colizao,2496,1184,000216D5,0,1,1,4294967295,0,0
colizao,2528,1184,00077849,0,1,1,4294967295,0,0
colizao,2560,1184,003C48DE,0,1,1,4294967295,0,0
colizao,2560,1152,0005C207,0,1,1,4294967295,0,0
colizao,2592,1152,003B3F5F,0,1,1,4294967295,0,0
colizao,2624,1152,003EE30D,0,1,1,4294967295,0,0
colizao,2656,1120,0028C040,0,1,1,4294967295,0,0
colizao,2688,1120,001F6E4C,0,1,1,4294967295,0,0
colizao,2720,1088,001E2214,0,1,1,4294967295,0,0
colizao,2720,1056,00080395,0,1,1,4294967295,0,0
colizao,2752,1024,002FF908,0,1,1,4294967295,0,0
colizao,2784,1024,0002C311,0,1,1,4294967295,0,0
colizao,2784,992,001B02C4,0,1,1,4294967295,0,0
colizao,2816,992,000E8D10,0,1,1,4294967295,0,0
colizao,2816,960,00192A80,0,1,1,4294967295,0,0
colizao,2816,928,00341FB3,0,1,1,4294967295,0,0
colizao,2784,928,002F5DCB,0,1,1,4294967295,0,0
colizao,2784,896,00043141,0,1,1,4294967295,0,0
colizao,2752,896,000DBF07,0,1,1,4294967295,0,0
colizao,2752,864,0034731C,0,1,1,4294967295,0,0
colizao,2720,864,001F38EC,0,1,1,4294967295,0,0
colizao,2688,864,001FCE0A,0,1,1,4294967295,0,0
colizao,2656,864,00067CB8,0,1,1,4294967295,0,0
colizao,2624,864,00124DB4,0,1,1,4294967295,0,0
colizao,2624,832,0035FE29,0,1,1,4294967295,0,0
colizao,2592,864,003E4FDB,0,1,1,4294967295,0,0
colizao,2560,864,0010D827,0,1,1,4294967295,0,0
colizao,2528,864,003EA690,0,1,1,4294967295,0,0
colizao,2496,864,0011F6D9,0,1,1,4294967295,0,0
colizao,2464,864,000F6219,0,1,1,4294967295,0,0
colizao,2432,864,00068475,0,1,1,4294967295,0,0
colizao,2432,832,001976CC,0,1,1,4294967295,0,0
colizao,2400,832,00193C8A,0,1,1,4294967295,0,0
colizao,2368,832,000F9777,0,1,1,4294967295,0,0
colizao,2336,832,00169637,0,1,1,4294967295,0,0
colizao,2304,832,0002DBA4,0,1,1,4294967295,0,0
colizao,2304,800,0031B86B,0,1,1,4294967295,0,0
colizao,2272,800,0039BEA0,0,1,1,4294967295,0,0
colizao,2240,800,001F78A8,0,1,1,4294967295,0,0
colizao,2208,800,002DE93C,0,1,1,4294967295,0,0
colizao,2208,768,002B67E6,0,1,1,4294967295,0,0
colizao,2176,768,0019CAF4,0,1,1,4294967295,0,0
colizao,2144,768,0022F7B8,0,1,1,4294967295,0,0
colizao,2144,736,002772A4,0,1,1,4294967295,0,0
colizao,2112,736,003D4AE6,0,1,1,4294967295,0,0
colizao,2080,736,003AD6FF,0,1,1,4294967295,0,0
colizao,2048,704,00348ADE,0,1,1,4294967295,0,0
colizao,2016,704,003C61C5,0,1,1,4294967295,0,0
colizao,2016,672,001424C8,0,1,1,4294967295,0,0
colizao,1984,672,0010C78D,0,1,1,4294967295,0,0
colizao,1984,640,0030C569,0,1,1,4294967295,0,0
colizao,1952,640,0013238E,0,1,1,4294967295,0,0
colizao,1952,608,0034BF8A,0,1,1,4294967295,0,0
colizao,1920,608,001D9D1C,0,1,1,4294967295,0,0
colizao,1920,576,000288B4,0,1,1,4294967295,0,0
colizao,1888,576,0005FD24,0,1,1,4294967295,0,0
colizao,1888,544,003E37C9,0,1,1,4294967295,0,0
colizao,1856,544,0013C022,0,1,1,4294967295,0,0
colizao,1856,512,00228D89,0,1,1,4294967295,0,0
colizao,1824,512,0022E659,0,1,1,4294967295,0,0
colizao,1792,512,003672BE,0,1,1,4294967295,0,0
colizao,1760,512,00149A4B,0,1,1,4294967295,0,0
colizao,1760,480,000E0E35,0,1,1,4294967295,0,0
colizao,1728,480,001653F9,0,1,1,4294967295,0,0
colizao,1696,480,0007EC6B,0,1,1,4294967295,0,0
colizao,1664,480,00131784,0,1,1,4294967295,0,0
colizao,1632,480,003F8BF5,0,1,1,4294967295,0,0
colizao,1632,448,0012C240,0,1,1,4294967295,0,0
colizao,1600,448,0017DE30,0,1,1,4294967295,0,0
colizao,1568,448,000FF11A,0,1,1,4294967295,0,0
colizao,1568,416,002FAF3D,0,1,1,4294967295,0,0
colizao,1536,416,00356F33,0,1,1,4294967295,0,0
colizao,1504,416,003E906D,0,1,1,4294967295,0,0
colizao,1472,416,0008EA67,0,1,1,4294967295,0,0
colizao,1472,384,002CF319,0,1,1,4294967295,0,0
colizao,1440,384,0032788A,0,1,1,4294967295,0,0
colizao,1440,352,0003D4BA,0,1,1,4294967295,0,0
colizao,1408,352,00039C55,0,1,1,4294967295,0,0
colizao,1408,320,001A532A,0,1,1,4294967295,0,0
colizao,1376,320,002171CA,0,1,1,4294967295,0,0
colizao,1344,320,0014FC07,0,1,1,4294967295,0,0
colizao,1312,320,000F8E9C,0,1,1,4294967295,0,0
colizao,1312,288,00372F3C,0,1,1,4294967295,0,0
colizao,1280,288,003A3701,0,1,1,4294967295,0,0
colizao,1248,288,001D9DA9,0,1,1,4294967295,0,0
colizao,1248,256,0029E0A6,0,1,1,4294967295,0,0
colizao,1216,256,001D0CFE,0,1,1,4294967295,0,0
colizao,1184,256,001963AE,0,1,1,4294967295,0,0
colizao,1184,224,001595F3,0,1,1,4294967295,0,0
colizao,1152,224,00076C0C,0,1,1,4294967295,0,0
colizao,1120,224,000B9201,0,1,1,4294967295,0,0
colizao,1088,224,00308DA3,0,1,1,4294967295,0,0
colizao,1088,192,001BC35A,0,1,1,4294967295,0,0
colizao,1056,192,00028F4A,0,1,1,4294967295,0,0
colizao,1024,192,0006778E,0,1,1,4294967295,0,0
colizao,992,160,0027FF40,0,1,1,4294967295,0,0
colizao,960,160,001A191A,0,1,1,4294967295,0,0
colizao,960,128,003397CF,0,1,1,4294967295,0,0
colizao,928,128,000F0B61,0,1,1,4294967295,0,0
colizao,896,128,00322DEC,0,1,1,4294967295,0,0
colizao,896,96,0006CB48,0,1,1,4294967295,0,0
colizao,864,96,002C6002,0,1,1,4294967295,0,0
colizao,864,64,0020CB3B,0,1,1,4294967295,0,0
colizao,832,64,001ED00C,0,1,1,4294967295,0,0
colizao,800,64,00374A20,0,1,1,4294967295,0,0
colizao,800,32,00276094,0,1,1,4294967295,0,0
colizao,768,32,002F6E11,0,1,1,4294967295,0,0
colizao,736,32,0001FF73,0,1,1,4294967295,0,0
colizao,704,32,0015E17D,0,1,1,4294967295,0,0
colizao,704,0,0039BECB,0,1,1,4294967295,0,0
colizao,672,0,003E6473,0,1,1,4294967295,0,0
colizao,640,0,0007FBD9,0,1,1,4294967295,0,0
colizao,608,0,00402B6B,0,1,1,4294967295,0,0
colizao,288,32,00387A15,0,1,1,4294967295,0,0
colizao,256,32,003E967C,0,1,1,4294967295,0,0
colizao,224,32,0038E6F8,0,1,1,4294967295,0,0
colizao,192,32,003FD2A7,0,1,1,4294967295,0,0
colizao,128,32,0030F4B6,0,1,1,4294967295,0,0
colizao,96,32,000E5462,0,1,1,4294967295,0,0
colizao,64,32,003EAB24,0,1,1,4294967295,0,0
colizao,32,32,003FFBE5,0,1,1,4294967295,0,0
colizao,0,32,003486CD,0,1,1,4294967295,0,0
colizao,32,32,0030A54B,0,1,1,4294967295,0,0
colizao,64,32,0008C294,0,1,1,4294967295,0,0
colizao,96,32,000FD165,0,1,1,4294967295,0,0
colizao,128,32,001453CA,0,1,1,4294967295,0,0
colizao,160,32,003FDF1E,0,1,1,4294967295,0,0
chegada,2592,3072,00152D23,0,1,1,4294967295,0,0
chegada,2464,2880,000BC34C,0,1,1,4294967295,0,0
chegada,2496,2880,000D666B,0,1,1,4294967295,0,0
chegada,2528,2880,0011DFC2,0,1,1,4294967295,0,0
chegada,2560,2880,002404F3,0,1,1,4294967295,0,0
chegada,2592,2880,000E0CB0,0,1,1,4294967295,0,0
chegada,2592,2912,0034FD85,0,1,1,4294967295,0,0
chegada,2592,2944,0033B4B6,0,1,1,4294967295,0,0
chegada,2592,2976,00057F7B,0,1,1,4294967295,0,0
chegada,2592,3008,000F56BF,0,1,1,4294967295,0,0
chegada,2592,3040,00174CCD,0,1,1,4294967295,0,0
chegada,2560,3040,0020C8E5,0,1,1,4294967295,0,0
chegada,2560,3072,001CC37C,0,1,1,4294967295,0,0
chegada,2496,3072,001144BF,0,1,1,4294967295,0,0
chegada,2432,3104,002B4642,0,1,1,4294967295,0,0
chegada,2464,3072,0037F3AC,0,1,1,4294967295,0,0
chegada,2432,2912,003A0F8C,0,1,1,4294967295,0,0
chegada,2432,2944,003F871B,0,1,1,4294967295,0,0
chegada,2400,2976,0016AC07,0,1,1,4294967295,0,0
chegada,2400,3008,000DD281,0,1,1,4294967295,0,0
chegada,2400,3040,001CECB9,0,1,1,4294967295,0,0
chegada,2400,3072,003839C4,0,1,1,4294967295,0,0
chegada,2432,3072,0037494C,0,1,1,4294967295,0,0
chegada,2432,3040,00261BD9,0,1,1,4294967295,0,0
chegada,2432,3008,0006FFB3,0,1,1,4294967295,0,0
chegada,2464,3008,001247B6,0,1,1,4294967295,0,0
chegada,2496,3008,00386612,0,1,1,4294967295,0,0
chegada,2528,3008,0011A79C,0,1,1,4294967295,0,0
chegada,2560,3008,00196AC2,0,1,1,4294967295,0,0
chegada,2560,2976,001270CD,0,1,1,4294967295,0,0
chegada,2560,2944,0007ACB9,0,1,1,4294967295,0,0
chegada,2560,2912,0005E479,0,1,1,4294967295,0,0
chegada,2464,2912,003B2F01,0,1,1,4294967295,0,0
chegada,2464,2944,00303A54,0,1,1,4294967295,0,0
chegada,2464,2976,003363D0,0,1,1,4294967295,0,0
chegada,2496,2976,000CEBFB,0,1,1,4294967295,0,0
chegada,2528,2976,003ACFD4,0,1,1,4294967295,0,0
chegada,2528,2944,002B7C34,0,1,1,4294967295,0,0
chegada,2496,2944,001534EF,0,1,1,4294967295,0,0
chegada,2432,2976,0006668E,0,1,1,4294967295,0,0
chegada,2464,3040,0003D468,0,1,1,4294967295,0,0
chegada,2496,3040,00038A04,0,1,1,4294967295,0,0
chegada,2528,3040,001C9345,0,1,1,4294967295,0,0
chegada,2528,3072,00385730,0,1,1,4294967295,0,0
chegada,2560,3104,00354C12,0,1,1,4294967295,0,0
chegada,2528,3104,002A5AC5,0,1,1,4294967295,0,0
chegada,2496,3104,000A4E5B,0,1,1,4294967295,0,0
chegada,2464,3104,00064264,0,1,1,4294967295,0,0
chegada,2496,2912,002F596E,0,1,1,4294967295,0,0
chegada,2528,2912,002B8FA3,0,1,1,4294967295,0,0
chegada,2528,2944,000EE5A5,0,1,1,4294967295,0,0
chegada,2528,2976,00078861,0,1,1,4294967295,0,0
chegada,2528,3008,002EB032,0,1,1,4294967295,0,0
chegada,2528,3040,00330B0C,0,1,1,4294967295,0,0
chegada,2528,3072,0009155B,0,1,1,4294967295,0,0
chegada,2496,3072,0037DE10,0,1,1,4294967295,0,0
chegada,2528,3072,0032A030,0,1,1,4294967295,0,0
chegada,2560,3072,0000EAE5,0,1,1,4294967295,0,0
chegada,2592,3072,00279F59,0,1,1,4294967295,0,0
chegada,2560,3040,001B5EA9,0,1,1,4294967295,0,0
chegada,2592,3040,001D4124,0,1,1,4294967295,0,0
chegada,2464,3040,00328DC3,0,1,1,4294967295,0,0
chegada,2496,3040,002B04B0,0,1,1,4294967295,0,0
chegada,2464,3072,003161BF,0,1,1,4294967295,0,0
chegada,2496,3008,0001DD26,0,1,1,4294967295,0,0
chegada,2464,3008,00073601,0,1,1,4294967295,0,0
chegada,2464,2976,0000D3FB,0,1,1,4294967295,0,0
chegada,2496,2976,0012CA2E,0,1,1,4294967295,0,0
chegada,2496,2944,0024D538,0,1,1,4294967295,0,0
chegada,2464,2944,003EDB00,0,1,1,4294967295,0,0
chegada,2560,2944,003B5539,0,1,1,4294967295,0,0
chegada,2560,2944,00394910,0,1,1,4294967295,0,0
chegada,2592,2944,00021BDC,0,1,1,4294967295,0,0
chegada,2592,2976,000C4208,0,1,1,4294967295,0,0
chegada,2592,3008,003923BC,0,1,1,4294967295,0,0
chegada,2560,2976,0020E537,0,1,1,4294967295,0,0
chegada,2560,2976,001663DC,0,1,1,4294967295,0,0
chegada,2560,3008,000EE210,0,1,1,4294967295,0,0
chegada,2368,3104,00185511,0,1,1,4294967295,0,0
chegada,2336,3104,002914C7,0,1,1,4294967295,0,0
chegada,2304,3104,0032539E,0,1,1,4294967295,0,0
chegada,2304,3072,00114A3B,0,1,1,4294967295,0,0
chegada,2336,3072,002616CA,0,1,1,4294967295,0,0
chegada,2336,3040,000E3766,0,1,1,4294967295,0,0
chegada,2336,3008,001901A6,0,1,1,4294967295,0,0
chegada,2336,2976,001D5FD9,0,1,1,4294967295,0,0
chegada,2336,2944,002DE02A,0,1,1,4294967295,0,0
chegada,2368,2944,002D0520,0,1,1,4294967295,0,0
chegada,2368,2912,003FBD4F,0,1,1,4294967295,0,0
chegada,2400,2880,002CC969,0,1,1,4294967295,0,0
chegada,2432,2880,00013675,0,1,1,4294967295,0,0
chegada,2400,2912,00279ECA,0,1,1,4294967295,0,0
chegada,2400,2944,003452E0,0,1,1,4294967295,0,0
chegada,2368,2976,001EE8B9,0,1,1,4294967295,0,0
chegada,2368,3008,00268A85,0,1,1,4294967295,0,0
chegada,2368,3040,00149021,0,1,1,4294967295,0,0
chegada,2368,3072,003520DB,0,1,1,4294967295,0,0
chegada,2400,3104,001FB793,0,1,1,4294967295,0,0
chegada,2368,2880,0032CCB0,0,1,1,4294967295,0,0
chegada,2336,2880,003392DE,0,1,1,4294967295,0,0
chegada,2336,2912,00154E7E,0,1,1,4294967295,0,0
chegada,2304,3040,002E7F7C,0,1,1,4294967295,0,0
chegada,2304,3008,002B324F,0,1,1,4294967295,0,0
chegada,2304,2976,0039ED61,0,1,1,4294967295,0,0
chegada,2304,2912,001B872C,0,1,1,4294967295,0,0
Player_Horse,768,192,003ECD6F,0,1,1,4294967295,0,0
Cavalier_OBJ2,416,0,00401491,0,1,1,4294967295,0,0
Speed_Radar_Silesia,1088,320,00314ACB,0,1,1,4294967295,0,0
Speed_Radar_Silesia,1984,800,00232802,0,1,1,4294967295,0,0
Speed_Radar_Silesia,2080,1216,002C9049,0,1,1,4294967295,0,0
Speed_Radar_Silesia,1344,1472,003836B2,0,1,1,4294967295,0,0
Speed_Radar_Silesia,768,1664,00184C8A,0,1,1,4294967295,0,0
Speed_Radar_Silesia,1216,2400,0038A7A0,0,1,1,4294967295,0,0
