colizao,0,352,00118F21,0,1,1,4294967295,0,0
colizao,0,320,00123982,0,1,1,4294967295,0,0
colizao,0,288,00396D53,0,1,1,4294967295,0,0
colizao,0,256,000B1DB8,0,1,1,4294967295,0,0
colizao,32,160,000AEF76,0,1,1,4294967295,0,0
colizao,64,160,00298413,0,1,1,4294967295,0,0
colizao,96,160,000BEF77,0,1,1,4294967295,0,0
colizao,160,160,00203739,0,1,1,4294967295,0,0
colizao,128,160,001DDE80,0,1,1,4294967295,0,0
colizao,192,160,003F1E03,0,1,1,4294967295,0,0
colizao,256,192,000AA873,0,1,1,4294967295,0,0
colizao,224,192,003497DA,0,1,1,4294967295,0,0
colizao,704,320,002E0F5E,0,1,1,4294967295,0,0
colizao,704,352,00202801,0,1,1,4294967295,0,0
colizao,704,384,002B7813,0,1,1,4294967295,0,0
colizao,704,416,00056882,0,1,1,4294967295,0,0
colizao,672,448,000DDC65,0,1,1,4294967295,0,0
colizao,640,448,0036562B,0,1,1,4294967295,0,0
colizao,608,448,002AB60B,0,1,1,4294967295,0,0
colizao,576,448,001A8C80,0,1,1,4294967295,0,0
colizao,512,448,000AA2AD,0,1,1,4294967295,0,0
colizao,544,448,003D3A3B,0,1,1,4294967295,0,0
colizao,480,448,000965B1,0,1,1,4294967295,0,0
colizao,448,448,001500F2,0,1,1,4294967295,0,0
colizao,416,448,00091320,0,1,1,4294967295,0,0
colizao,384,448,0011B5E1,0,1,1,4294967295,0,0
colizao,320,448,0001E061,0,1,1,4294967295,0,0
colizao,256,448,0013FE0B,0,1,1,4294967295,0,0
colizao,352,448,00039E79,0,1,1,4294967295,0,0
colizao,288,448,0023D4BE,0,1,1,4294967295,0,0
colizao,224,448,002A3409,0,1,1,4294967295,0,0
colizao,128,448,003E55CB,0,1,1,4294967295,0,0
colizao,192,448,0007E166,0,1,1,4294967295,0,0
colizao,160,448,00247E15,0,1,1,4294967295,0,0
colizao,96,448,000B8583,0,1,1,4294967295,0,0
colizao,64,448,0014E56A,0,1,1,4294967295,0,0
colizao,32,448,00228D1E,0,1,1,4294967295,0,0
colizao,0,416,001EA96E,0,1,1,4294967295,0,0
colizao,0,384,0007863A,0,1,1,4294967295,0,0
colizao,0,224,0003D7DD,0,1,1,4294967295,0,0
colizao,0,192,0038CB51,0,1,1,4294967295,0,0
player_RE3,128,352,0032DD29,0,1,1,4294967295,0,0
TP_Fergus_corredor1_RE3,32,192,002E1E72,0,1,1,4294967295,0,0
TP_Fergus_corredor1_RE3,64,192,00302300,0,1,1,4294967295,0,0
TP_Fergus_corredor1_RE3,96,192,001E75F2,0,1,1,4294967295,0,0
TP_Fergus_corredor1_RE3,128,192,0001222B,0,1,1,4294967295,0,0
TP_Fergus_corredor1_RE3,160,192,003E7570,0,1,1,4294967295,0,0
TP_Fergus_corredor1_RE3,192,192,00184053,0,1,1,4294967295,0,0
colizao,288,224,0008458C,0,1,1,4294967295,0,0
colizao,320,224,001F1004,0,1,1,4294967295,0,0
colizao,352,256,00198846,0,1,1,4294967295,0,0
colizao,384,256,002C673D,0,1,1,4294967295,0,0
colizao,416,288,00077CAD,0,1,1,4294967295,0,0
colizao,448,288,003EF89D,0,1,1,4294967295,0,0
colizao,480,288,003CD9A3,0,1,1,4294967295,0,0
colizao,544,288,000B58DF,0,1,1,4294967295,0,0
colizao,512,288,000FBD6A,0,1,1,4294967295,0,0
colizao,576,288,0009E656,0,1,1,4294967295,0,0
colizao,608,288,0029E133,0,1,1,4294967295,0,0
colizao,640,288,002E504F,0,1,1,4294967295,0,0
colizao,672,288,00158A62,0,1,1,4294967295,0,0
gatilho_Nami_gemido,352,288,0034AC03,0,1,1,4294967295,0,0
gatilho_Nami_gemido,320,320,00375984,0,1,1,4294967295,0,0
gatilho_Nami_gemido,288,352,000F5557,0,1,1,4294967295,0,0
gatilho_Nami_gemido,256,384,00244E4F,0,1,1,4294967295,0,0
gatilho_Nami_gemido,224,416,0026F1B9,0,1,1,4294967295,0,0
