colizao,192,128,0002F533,0,1,1,4294967295,0,0
colizao,224,96,0030C850,0,1,1,4294967295,0,0
colizao,256,96,00217C43,0,1,1,4294967295,0,0
colizao,288,96,0015B2AC,0,1,1,4294967295,0,0
colizao,288,128,000978E8,0,1,1,4294967295,0,0
Hatsune_Miku_OBJ,352,224,003EB63D,0,1,1,4294967295,0,0
player,256,256,001B9149,0,1,1,4294967295,0,0
colizao,576,128,0014C330,0,1,1,4294967295,0,0
colizao,544,128,003C570C,0,1,1,4294967295,0,0
colizao,512,128,001470BC,0,1,1,4294967295,0,0
colizao,480,128,00148924,0,1,1,4294967295,0,0
colizao,448,128,0014CEC6,0,1,1,4294967295,0,0
colizao,416,128,001282B8,0,1,1,4294967295,0,0
colizao,384,128,000AD9C3,0,1,1,4294967295,0,0
colizao,352,128,00229167,0,1,1,4294967295,0,0
colizao,320,128,0032F5E6,0,1,1,4294967295,0,0
colizao,160,128,001342F8,0,1,1,4294967295,0,0
colizao,128,128,0008ED66,0,1,1,4294967295,0,0
colizao,96,128,002B283E,0,1,1,4294967295,0,0
colizao,64,128,002F95B7,0,1,1,4294967295,0,0
colizao,32,128,00196D8D,0,1,1,4294967295,0,0
colizao,0,128,0030C43E,0,1,1,4294967295,0,0
Hatsune estatua,96,96,0028E07A,0,1,1,4294967295,0,0
TP_NEON_CASTELIA_CITY,0,160,002EC0BA,0,1,1,4294967295,0,0
TP_NEON_CASTELIA_CITY,0,192,000A5882,0,1,1,4294967295,0,0
TP_NEON_CASTELIA_CITY,0,224,002B4D3A,0,1,1,4294967295,0,0
TP_NEON_CASTELIA_CITY,0,256,00039924,0,1,1,4294967295,0,0
TP_FERGUS,576,160,0034F258,0,1,1,4294967295,0,0
TP_FERGUS,576,192,00218CC1,0,1,1,4294967295,0,0
TP_FERGUS,576,224,002B89D1,0,1,1,4294967295,0,0
TP_FERGUS,576,256,0038B02B,0,1,1,4294967295,0,0
TP_MIKUBYL,224,128,00024B40,0,1,1,4294967295,0,0
TP_MIKUBYL,256,128,00075640,0,1,1,4294967295,0,0
Nami_Burglar,160,192,0001E39B,0,1,1,4294967295,0,0
