colizao,32,352,000BE4D4,0,1,1,4294967295,0,0
colizao,64,320,003537D3,0,1,1,4294967295,0,0
colizao,64,288,001A8F6A,0,1,1,4294967295,0,0
colizao,64,256,00281CE3,0,1,1,4294967295,0,0
colizao,64,224,0020229F,0,1,1,4294967295,0,0
colizao,96,224,000F2F1F,0,1,1,4294967295,0,0
colizao,160,224,000C6C43,0,1,1,4294967295,0,0
colizao,128,224,00041805,0,1,1,4294967295,0,0
colizao,192,224,00286183,0,1,1,4294967295,0,0
colizao,224,224,002CA650,0,1,1,4294967295,0,0
colizao,256,224,001A0C65,0,1,1,4294967295,0,0
colizao,288,224,0039BF06,0,1,1,4294967295,0,0
colizao,320,256,00235422,0,1,1,4294967295,0,0
colizao,352,256,001A7D73,0,1,1,4294967295,0,0
colizao,384,224,00196F37,0,1,1,4294967295,0,0
colizao,416,224,00079D5F,0,1,1,4294967295,0,0
colizao,448,256,001055EC,0,1,1,4294967295,0,0
colizao,480,288,0011DD0C,0,1,1,4294967295,0,0
colizao,512,288,0003A4CB,0,1,1,4294967295,0,0
colizao,544,288,000A9514,0,1,1,4294967295,0,0
colizao,640,320,00264F55,0,1,1,4294967295,0,0
colizao,672,320,00248D01,0,1,1,4294967295,0,0
colizao,704,320,002350BF,0,1,1,4294967295,0,0
colizao,608,320,001F0C4A,0,1,1,4294967295,0,0
colizao,576,320,0030B70B,0,1,1,4294967295,0,0
colizao,736,352,002D7659,0,1,1,4294967295,0,0
colizao,736,384,00126935,0,1,1,4294967295,0,0
colizao,736,416,00181491,0,1,1,4294967295,0,0
colizao,704,448,000BE3A1,0,1,1,4294967295,0,0
colizao,672,448,0017D59D,0,1,1,4294967295,0,0
colizao,608,448,002A4049,0,1,1,4294967295,0,0
colizao,576,448,00240613,0,1,1,4294967295,0,0
colizao,640,448,00064F03,0,1,1,4294967295,0,0
colizao,512,448,001FB5C9,0,1,1,4294967295,0,0
colizao,544,448,000EE37F,0,1,1,4294967295,0,0
colizao,480,448,0008A023,0,1,1,4294967295,0,0
colizao,416,448,003CC6C7,0,1,1,4294967295,0,0
colizao,448,448,003DCE0E,0,1,1,4294967295,0,0
colizao,352,448,001B40DF,0,1,1,4294967295,0,0
colizao,384,448,003505CF,0,1,1,4294967295,0,0
colizao,288,448,0019D3C3,0,1,1,4294967295,0,0
colizao,320,448,00032C55,0,1,1,4294967295,0,0
colizao,224,448,0036F969,0,1,1,4294967295,0,0
colizao,256,448,002F985E,0,1,1,4294967295,0,0
colizao,192,448,0031D405,0,1,1,4294967295,0,0
colizao,160,448,0039281C,0,1,1,4294967295,0,0
colizao,128,448,00397EA3,0,1,1,4294967295,0,0
colizao,96,448,0000F72B,0,1,1,4294967295,0,0
colizao,64,448,003BCED4,0,1,1,4294967295,0,0
colizao,32,448,0021C4C5,0,1,1,4294967295,0,0
colizao,0,416,00077254,0,1,1,4294967295,0,0
colizao,0,384,000202DD,0,1,1,4294967295,0,0
crafting_table,608,224,0005AC07,0,1,1,4294967295,0,0
crafting_table,640,224,0016608D,0,1,1,4294967295,0,0
crafting_table,672,224,002A1E79,0,1,1,4294967295,0,0
crafting_table,640,160,0008FD43,0,1,1,4294967295,0,0
crafting_table,608,160,00070ED3,0,1,1,4294967295,0,0
crafting_table,608,192,003D571F,0,1,1,4294967295,0,0
crafting_table,640,160,002D0192,0,1,1,4294967295,0,0
crafting_table,672,160,00030F85,0,1,1,4294967295,0,0
crafting_table,640,160,00081BC3,0,1,1,4294967295,0,0
crafting_table,640,160,002EFF11,0,1,1,4294967295,0,0
crafting_table,672,192,00267389,0,1,1,4294967295,0,0
crafting_table,640,192,00131780,0,1,1,4294967295,0,0
crafting_table,608,224,0027F477,0,1,1,4294967295,0,0
carbono,480,192,002DB8EF,0,1,1,4294967295,0,0
player_RE3,256,384,00146EAB,0,1,1,4294967295,0,0
TP_Fergus_corredor2_RE3,96,256,0020A4BE,0,1,1,4294967295,0,0
TP_Fergus_corredor2_RE3,128,256,0015402C,0,1,1,4294967295,0,0
TP_Fergus_corredor2_RE3,160,256,001FCDDD,0,1,1,4294967295,0,0
TP_Fergus_corredor2_RE3,224,256,000FD7DB,0,1,1,4294967295,0,0
TP_Fergus_corredor2_RE3,192,256,001385DF,0,1,1,4294967295,0,0
TP_Fergus_corredor2_RE3,288,256,0023D86E,0,1,1,4294967295,0,0
TP_Fergus_corredor2_RE3,256,256,00125497,0,1,1,4294967295,0,0
Chemistry_Manual_obj,576,224,0023F055,0,1,1,4294967295,0,0
