colizao,0,0,0008ED66,0,1,1,4294967295,0,0
colizao,32,0,0008ED66,0,1,1,4294967295,0,0
colizao,64,0,0008ED66,0,1,1,4294967295,0,0
colizao,96,0,0008ED66,0,1,1,4294967295,0,0
colizao,128,0,0008ED66,0,1,1,4294967295,0,0
colizao,160,0,0008ED66,0,1,1,4294967295,0,0
colizao,192,0,0008ED66,0,1,1,4294967295,0,0
colizao,224,0,0008ED66,0,1,1,4294967295,0,0
colizao,256,0,0008ED66,0,1,1,4294967295,0,0
colizao,288,0,0008ED66,0,1,1,4294967295,0,0
colizao,384,0,0008ED66,0,1,1,4294967295,0,0
colizao,416,0,0008ED66,0,1,1,4294967295,0,0
colizao,448,0,0008ED66,0,1,1,4294967295,0,0
colizao,480,0,0008ED66,0,1,1,4294967295,0,0
colizao,512,0,0008ED66,0,1,1,4294967295,0,0
colizao,544,0,0008ED66,0,1,1,4294967295,0,0
colizao,576,0,0008ED66,0,1,1,4294967295,0,0
colizao,608,0,0008ED66,0,1,1,4294967295,0,0
colizao,96,384,0008ED66,0,1,1,4294967295,0,0
colizao,64,384,0008ED66,0,1,1,4294967295,0,0
colizao,32,384,0008ED66,0,1,1,4294967295,0,0
colizao,32,384,0008ED66,0,1,1,4294967295,0,0
colizao,32,352,0008ED66,0,1,1,4294967295,0,0
colizao,64,352,0008ED66,0,1,1,4294967295,0,0
colizao,96,352,0008ED66,0,1,1,4294967295,0,0
colizao,480,320,0008ED66,0,1,1,4294967295,0,0
colizao,512,320,0008ED66,0,1,1,4294967295,0,0
colizao,544,320,0008ED66,0,1,1,4294967295,0,0
colizao,448,96,0008ED66,0,1,1,4294967295,0,0
colizao,448,128,0008ED66,0,1,1,4294967295,0,0
colizao,480,128,0008ED66,0,1,1,4294967295,0,0
colizao,512,128,0008ED66,0,1,1,4294967295,0,0
colizao,544,128,0008ED66,0,1,1,4294967295,0,0
colizao,544,96,0008ED66,0,1,1,4294967295,0,0
colizao,480,96,0008ED66,0,1,1,4294967295,0,0
colizao,512,96,0008ED66,0,1,1,4294967295,0,0
TP_MAGVEL1,320,0,0008ED66,0,1,1,4294967295,0,0
TP_MAGVEL1,352,0,0008ED66,0,1,1,4294967295,0,0
Magvel_music,64,352,0008ED66,0,1,1,4294967295,0,0
player,352,160,0008ED66,0,1,1,4294967295,0,0
deLorca_Door,512,352,0008ED66,0,1,1,4294967295,0,0
deLorca_Door,480,352,0008ED66,0,1,1,4294967295,0,0
deLorca_Door,544,352,0008ED66,0,1,1,4294967295,0,0
Dew_relationship,192,288,000895FE,0,1,1,4294967295,0,0
