colizao,512,352,0008ED66,0,1,1,4294967295,0,0
colizao,480,352,0008ED66,0,1,1,4294967295,0,0
colizao,448,352,0008ED66,0,1,1,4294967295,0,0
colizao,416,352,0008ED66,0,1,1,4294967295,0,0
colizao,384,352,0008ED66,0,1,1,4294967295,0,0
colizao,352,352,0008ED66,0,1,1,4294967295,0,0
colizao,320,352,0008ED66,0,1,1,4294967295,0,0
colizao,288,352,0008ED66,0,1,1,4294967295,0,0
colizao,256,352,0008ED66,0,1,1,4294967295,0,0
colizao,224,352,0008ED66,0,1,1,4294967295,0,0
colizao,192,352,0008ED66,0,1,1,4294967295,0,0
colizao,160,352,0008ED66,0,1,1,4294967295,0,0
colizao,128,352,0008ED66,0,1,1,4294967295,0,0
colizao,96,352,0008ED66,0,1,1,4294967295,0,0
colizao,96,320,0008ED66,0,1,1,4294967295,0,0
colizao,96,288,0008ED66,0,1,1,4294967295,0,0
colizao,96,256,0008ED66,0,1,1,4294967295,0,0
colizao,96,224,0008ED66,0,1,1,4294967295,0,0
colizao,96,192,0008ED66,0,1,1,4294967295,0,0
colizao,96,160,0008ED66,0,1,1,4294967295,0,0
colizao,96,128,0008ED66,0,1,1,4294967295,0,0
colizao,128,128,0008ED66,0,1,1,4294967295,0,0
colizao,160,128,0008ED66,0,1,1,4294967295,0,0
colizao,192,128,0008ED66,0,1,1,4294967295,0,0
colizao,224,128,0008ED66,0,1,1,4294967295,0,0
colizao,256,128,0008ED66,0,1,1,4294967295,0,0
colizao,288,128,0008ED66,0,1,1,4294967295,0,0
colizao,320,128,0008ED66,0,1,1,4294967295,0,0
colizao,352,128,0008ED66,0,1,1,4294967295,0,0
colizao,384,128,0008ED66,0,1,1,4294967295,0,0
colizao,416,128,0008ED66,0,1,1,4294967295,0,0
colizao,448,128,0008ED66,0,1,1,4294967295,0,0
colizao,480,128,0008ED66,0,1,1,4294967295,0,0
colizao,512,128,0008ED66,0,1,1,4294967295,0,0
colizao,544,128,0008ED66,0,1,1,4294967295,0,0
colizao,576,128,0008ED66,0,1,1,4294967295,0,0
colizao,608,128,0008ED66,0,1,1,4294967295,0,0
colizao,640,128,0008ED66,0,1,1,4294967295,0,0
colizao,672,128,0008ED66,0,1,1,4294967295,0,0
colizao,704,128,0008ED66,0,1,1,4294967295,0,0
colizao,704,160,0008ED66,0,1,1,4294967295,0,0
colizao,704,192,0008ED66,0,1,1,4294967295,0,0
colizao,704,224,0008ED66,0,1,1,4294967295,0,0
colizao,704,256,0008ED66,0,1,1,4294967295,0,0
colizao,704,288,0008ED66,0,1,1,4294967295,0,0
colizao,704,320,0008ED66,0,1,1,4294967295,0,0
colizao,704,352,0008ED66,0,1,1,4294967295,0,0
colizao,672,352,0008ED66,0,1,1,4294967295,0,0
colizao,640,352,0008ED66,0,1,1,4294967295,0,0
colizao,608,352,0008ED66,0,1,1,4294967295,0,0
colizao,0,544,0008ED66,0,1,1,4294967295,0,0
colizao,32,544,0008ED66,0,1,1,4294967295,0,0
colizao,64,544,0008ED66,0,1,1,4294967295,0,0
colizao,96,544,0008ED66,0,1,1,4294967295,0,0
colizao,128,544,0008ED66,0,1,1,4294967295,0,0
colizao,160,544,0008ED66,0,1,1,4294967295,0,0
colizao,192,544,0008ED66,0,1,1,4294967295,0,0
colizao,224,544,0008ED66,0,1,1,4294967295,0,0
colizao,256,544,0008ED66,0,1,1,4294967295,0,0
colizao,288,544,0008ED66,0,1,1,4294967295,0,0
colizao,320,544,0008ED66,0,1,1,4294967295,0,0
colizao,352,544,0008ED66,0,1,1,4294967295,0,0
colizao,384,544,0008ED66,0,1,1,4294967295,0,0
colizao,416,544,0008ED66,0,1,1,4294967295,0,0
colizao,448,544,0008ED66,0,1,1,4294967295,0,0
colizao,480,544,0008ED66,0,1,1,4294967295,0,0
colizao,512,544,0008ED66,0,1,1,4294967295,0,0
colizao,544,544,0008ED66,0,1,1,4294967295,0,0
colizao,576,544,0008ED66,0,1,1,4294967295,0,0
colizao,608,544,0008ED66,0,1,1,4294967295,0,0
colizao,640,544,0008ED66,0,1,1,4294967295,0,0
colizao,672,544,0008ED66,0,1,1,4294967295,0,0
colizao,704,544,0008ED66,0,1,1,4294967295,0,0
colizao,736,544,0008ED66,0,1,1,4294967295,0,0
colizao,768,544,0008ED66,0,1,1,4294967295,0,0
colizao,800,544,0008ED66,0,1,1,4294967295,0,0
colizao,832,544,0008ED66,0,1,1,4294967295,0,0
colizao,864,544,0008ED66,0,1,1,4294967295,0,0
colizao,896,544,0008ED66,0,1,1,4294967295,0,0
colizao,928,544,0008ED66,0,1,1,4294967295,0,0
colizao,992,544,0008ED66,0,1,1,4294967295,0,0
colizao,960,544,0008ED66,0,1,1,4294967295,0,0
colizao,992,384,0008ED66,0,1,1,4294967295,0,0
colizao,992,352,0008ED66,0,1,1,4294967295,0,0
colizao,992,320,0008ED66,0,1,1,4294967295,0,0
colizao,992,288,0008ED66,0,1,1,4294967295,0,0
colizao,992,256,0008ED66,0,1,1,4294967295,0,0
colizao,992,224,0008ED66,0,1,1,4294967295,0,0
colizao,992,192,0008ED66,0,1,1,4294967295,0,0
colizao,992,160,0008ED66,0,1,1,4294967295,0,0
colizao,992,128,0008ED66,0,1,1,4294967295,0,0
colizao,992,96,0008ED66,0,1,1,4294967295,0,0
colizao,992,64,0008ED66,0,1,1,4294967295,0,0
colizao,992,32,0008ED66,0,1,1,4294967295,0,0
colizao,992,0,0008ED66,0,1,1,4294967295,0,0
colizao,768,384,0008ED66,0,1,1,4294967295,0,0
colizao,800,384,0008ED66,0,1,1,4294967295,0,0
colizao,832,384,0008ED66,0,1,1,4294967295,0,0
colizao,864,384,0008ED66,0,1,1,4294967295,0,0
colizao,896,384,0008ED66,0,1,1,4294967295,0,0
colizao,928,384,0008ED66,0,1,1,4294967295,0,0
colizao,960,384,0008ED66,0,1,1,4294967295,0,0
colizao,736,352,0008ED66,0,1,1,4294967295,0,0
colizao,736,320,0008ED66,0,1,1,4294967295,0,0
colizao,768,288,0008ED66,0,1,1,4294967295,0,0
colizao,800,288,0008ED66,0,1,1,4294967295,0,0
colizao,832,288,0008ED66,0,1,1,4294967295,0,0
colizao,864,288,0008ED66,0,1,1,4294967295,0,0
colizao,896,288,0008ED66,0,1,1,4294967295,0,0
colizao,928,288,0008ED66,0,1,1,4294967295,0,0
colizao,960,288,0008ED66,0,1,1,4294967295,0,0
colizao,64,256,0008ED66,0,1,1,4294967295,0,0
colizao,32,256,0008ED66,0,1,1,4294967295,0,0
colizao,0,256,0008ED66,0,1,1,4294967295,0,0
player,416,448,0008ED66,0,1,1,4294967295,0,0
TP_NOOBFIELD_EXTERIOR,960,416,0008ED66,0,1,1,4294967295,0,0
TP_NOOBFIELD_EXTERIOR,960,448,0008ED66,0,1,1,4294967295,0,0
TP_NOOBFIELD_EXTERIOR,960,480,0008ED66,0,1,1,4294967295,0,0
TP_NOOBFIELD_EXTERIOR,960,512,0008ED66,0,1,1,4294967295,0,0
TP_NOOBFIELD_EXTERIOR,992,416,00182E61,0,1,1,4294967295,0,0
TP_NOOBFIELD_EXTERIOR,992,448,0009BF50,0,1,1,4294967295,0,0
TP_NOOBFIELD_EXTERIOR,992,480,0006B0AD,0,1,1,4294967295,0,0
TP_NOOBFIELD_EXTERIOR,992,512,0026AE5C,0,1,1,4294967295,0,0
