ENGAGESITE_Link,0,256,0008ED66,0,1,1,4294967295,0,0
ENGAGESITE_Link,0,288,000CCC31,0,1,1,4294967295,0,0
ENGAGESITE_Link,0,320,000A6A8F,0,1,1,4294967295,0,0
ENGAGESITE_Link,0,352,0018582C,0,1,1,4294967295,0,0
ENGAGESITE_Link,0,384,0014082F,0,1,1,4294967295,0,0
ENGAGESITE_Link,0,416,0038F3EF,0,1,1,4294967295,0,0
ENGAGESITE_Link,384,416,0027C87D,0,1,1,4294967295,0,0
ENGAGESITE_Link,384,384,0018C82B,0,1,1,4294967295,0,0
ENGAGESITE_Link,384,352,0034BAAE,0,1,1,4294967295,0,0
ENGAGESITE_Link,384,320,00304E4C,0,1,1,4294967295,0,0
ENGAGESITE_Link,384,288,000CCD8E,0,1,1,4294967295,0,0
ENGAGESITE_Link,384,256,00295D8D,0,1,1,4294967295,0,0
ENGAGESITE_Link,0,448,00316D80,0,1,1,4294967295,0,0
ENGAGESITE_Link,384,448,0032B604,0,1,1,4294967295,0,0
Camera_Cursor,768,0,001E6843,0,1,1,4294967295,0,0
Sair_MIKUNET,725,1129,00016525,0,1,1,4294967295,0,0
