player_RE1,512,352,0015D3EA,0,1,1,4294967295,0,0
colizao,416,576,00264B68,0,1,1,4294967295,0,0
colizao,416,544,001EF65D,0,1,1,4294967295,0,0
colizao,416,512,00087058,0,1,1,4294967295,0,0
colizao,416,480,002D1DF8,0,1,1,4294967295,0,0
colizao,384,448,0022376F,0,1,1,4294967295,0,0
colizao,352,448,002965BC,0,1,1,4294967295,0,0
colizao,352,416,002769DF,0,1,1,4294967295,0,0
colizao,352,384,0034FF27,0,1,1,4294967295,0,0
colizao,384,352,00219C29,0,1,1,4294967295,0,0
colizao,384,320,0022E29A,0,1,1,4294967295,0,0
colizao,384,288,0007F900,0,1,1,4294967295,0,0
colizao,416,288,003A43B8,0,1,1,4294967295,0,0
colizao,448,288,0031AA34,0,1,1,4294967295,0,0
colizao,480,288,000025E5,0,1,1,4294967295,0,0
colizao,544,288,00220B08,0,1,1,4294967295,0,0
colizao,512,288,002F9EA1,0,1,1,4294967295,0,0
colizao,576,288,00149195,0,1,1,4294967295,0,0
colizao,608,288,00153221,0,1,1,4294967295,0,0
colizao,640,288,002C5258,0,1,1,4294967295,0,0
colizao,672,320,0000090A,0,1,1,4294967295,0,0
colizao,704,352,0009D82D,0,1,1,4294967295,0,0
colizao,736,384,00158922,0,1,1,4294967295,0,0
colizao,768,416,003018FA,0,1,1,4294967295,0,0
globo_terrestre_lyn_apto,192,352,002888CB,0,1,1,4294967295,0,0
globo_terrestre_lyn_apto,224,320,00373825,0,1,1,4294967295,0,0
globo_terrestre_lyn_apto,224,352,0000D6FD,0,1,1,4294967295,0,0
globo_terrestre_lyn_apto,160,352,002F0B0A,0,1,1,4294967295,0,0
globo_terrestre_lyn_apto,160,320,0031679E,0,1,1,4294967295,0,0
globo_terrestre_lyn_apto,192,320,003ABC66,0,1,1,4294967295,0,0
globo_terrestre_lyn_apto,160,288,001BDD24,0,1,1,4294967295,0,0
globo_terrestre_lyn_apto,192,288,000BDBAB,0,1,1,4294967295,0,0
globo_terrestre_lyn_apto,224,288,0037A4E5,0,1,1,4294967295,0,0
boneco_eva_emblem,352,480,003E9B3A,0,1,1,4294967295,0,0
boneco_eva_emblem,384,480,0028D6C7,0,1,1,4294967295,0,0
boneco_eva_emblem,384,512,003552C7,0,1,1,4294967295,0,0
boneco_eva_emblem,352,512,003BBB02,0,1,1,4294967295,0,0
boneco_eva_emblem,384,544,00320F33,0,1,1,4294967295,0,0
boneco_eva_emblem,352,544,0024DF0D,0,1,1,4294967295,0,0
boneco_eva_emblem,320,480,001F7833,0,1,1,4294967295,0,0
boneco_eva_emblem,320,512,0003D928,0,1,1,4294967295,0,0
boneco_eva_emblem,320,448,00218080,0,1,1,4294967295,0,0
boneco_eva_emblem,416,512,001AA191,0,1,1,4294967295,0,0
boneco_eva_emblem,416,544,00302809,0,1,1,4294967295,0,0
carrinho_de_briquedo_Lyn_apto,224,384,002D3F2F,0,1,1,4294967295,0,0
carrinho_de_briquedo_Lyn_apto,256,384,0033585D,0,1,1,4294967295,0,0
carrinho_de_briquedo_Lyn_apto,256,416,002E9B07,0,1,1,4294967295,0,0
carrinho_de_briquedo_Lyn_apto,288,416,000625E6,0,1,1,4294967295,0,0
carrinho_de_briquedo_Lyn_apto,320,416,0012E152,0,1,1,4294967295,0,0
carrinho_de_briquedo_Lyn_apto,288,384,002050C5,0,1,1,4294967295,0,0
carrinho_de_briquedo_Lyn_apto,288,448,00170479,0,1,1,4294967295,0,0
carrinho_de_briquedo_Lyn_apto,256,448,0021853E,0,1,1,4294967295,0,0
carrinho_de_briquedo_Lyn_apto,224,416,000CB4C4,0,1,1,4294967295,0,0
carrinho_de_briquedo_Lyn_apto,192,416,001061D2,0,1,1,4294967295,0,0
carrinho_de_briquedo_Lyn_apto,192,384,0004A9F8,0,1,1,4294967295,0,0
colizao,800,448,0034E7F9,0,1,1,4294967295,0,0
colizao,800,480,0009BB7C,0,1,1,4294967295,0,0
colizao,800,512,00102E33,0,1,1,4294967295,0,0
colizao,800,544,000C65B6,0,1,1,4294967295,0,0
colizao,800,576,000526DD,0,1,1,4294967295,0,0
colizao,768,608,00261695,0,1,1,4294967295,0,0
colizao,704,608,00283407,0,1,1,4294967295,0,0
colizao,736,608,0036A45D,0,1,1,4294967295,0,0
colizao,672,608,00033C38,0,1,1,4294967295,0,0
colizao,640,608,0024AB73,0,1,1,4294967295,0,0
colizao,608,608,002BBD27,0,1,1,4294967295,0,0
colizao,576,608,0026C532,0,1,1,4294967295,0,0
colizao,544,608,001DC182,0,1,1,4294967295,0,0
colizao,512,608,0009DB56,0,1,1,4294967295,0,0
colizao,480,608,0027919D,0,1,1,4294967295,0,0
colizao,448,608,001F4F4A,0,1,1,4294967295,0,0
trocar_room,768,224,001CB4B2,0,1,1,4294967295,0,0
