player_RE2,512,416,00061BB9,0,1,1,4294967295,0,0
colizao,0,160,003214C9,0,1,1,4294967295,0,0
colizao,32,160,0015ACD3,0,1,1,4294967295,0,0
colizao,64,160,00295B72,0,1,1,4294967295,0,0
colizao,96,160,0009010B,0,1,1,4294967295,0,0
colizao,128,160,0028F0B9,0,1,1,4294967295,0,0
colizao,192,128,001747A2,0,1,1,4294967295,0,0
colizao,224,128,001434BE,0,1,1,4294967295,0,0
colizao,160,128,0023C651,0,1,1,4294967295,0,0
colizao,256,128,002BE807,0,1,1,4294967295,0,0
colizao,288,128,002C3D9D,0,1,1,4294967295,0,0
colizao,320,128,0033A5E1,0,1,1,4294967295,0,0
colizao,352,128,000D2CB5,0,1,1,4294967295,0,0
colizao,384,160,001F25F2,0,1,1,4294967295,0,0
colizao,416,160,000E4FD1,0,1,1,4294967295,0,0
colizao,448,160,0030A6BB,0,1,1,4294967295,0,0
colizao,480,160,00279A9F,0,1,1,4294967295,0,0
colizao,512,160,003CF2CF,0,1,1,4294967295,0,0
colizao,544,160,0020EDD5,0,1,1,4294967295,0,0
colizao,576,160,002EAE57,0,1,1,4294967295,0,0
colizao,608,160,0018B4C7,0,1,1,4294967295,0,0
colizao,640,160,003E9B2C,0,1,1,4294967295,0,0
colizao,672,192,001CED4E,0,1,1,4294967295,0,0
colizao,704,192,00390E64,0,1,1,4294967295,0,0
colizao,736,192,002CE5AF,0,1,1,4294967295,0,0
colizao,768,224,00334667,0,1,1,4294967295,0,0
colizao,768,256,001B3656,0,1,1,4294967295,0,0
TP_Fergus_corredor2,544,544,003E7D3A,0,1,1,4294967295,0,0
TP_Fergus_corredor2,576,544,003BEC8E,0,1,1,4294967295,0,0
TP_Fergus_corredor2,608,544,00288C2F,0,1,1,4294967295,0,0
TP_Fergus_corredor2,640,544,003D34D7,0,1,1,4294967295,0,0
TP_Fergus_corredor2,672,544,00294FDD,0,1,1,4294967295,0,0
TP_Fergus_corredor2,704,544,001DFAEC,0,1,1,4294967295,0,0
TP_Fergus_corredor2,736,544,001D6CFF,0,1,1,4294967295,0,0
TP_Fergus_corredor2,768,544,000742DE,0,1,1,4294967295,0,0
colizao,64,576,003386BC,0,1,1,4294967295,0,0
colizao,0,576,000A895E,0,1,1,4294967295,0,0
colizao,32,576,00066DB0,0,1,1,4294967295,0,0
colizao,96,576,00130000,0,1,1,4294967295,0,0
colizao,128,576,002433A8,0,1,1,4294967295,0,0
colizao,160,576,000AF4E3,0,1,1,4294967295,0,0
colizao,192,576,003A379E,0,1,1,4294967295,0,0
colizao,224,576,0005CEC3,0,1,1,4294967295,0,0
colizao,256,576,00384C7D,0,1,1,4294967295,0,0
colizao,288,576,003DD4F3,0,1,1,4294967295,0,0
colizao,320,576,002B63DE,0,1,1,4294967295,0,0
colizao,352,576,00169A49,0,1,1,4294967295,0,0
colizao,384,576,0001C7F2,0,1,1,4294967295,0,0
colizao,416,576,003420E4,0,1,1,4294967295,0,0
colizao,448,576,002BB97B,0,1,1,4294967295,0,0
colizao,480,576,002F4116,0,1,1,4294967295,0,0
colizao,512,576,00217961,0,1,1,4294967295,0,0
colizao,544,576,00060FB3,0,1,1,4294967295,0,0
colizao,576,576,00392E15,0,1,1,4294967295,0,0
colizao,608,576,0010700E,0,1,1,4294967295,0,0
colizao,640,576,000308EA,0,1,1,4294967295,0,0
colizao,704,576,00073E6B,0,1,1,4294967295,0,0
colizao,672,576,00308557,0,1,1,4294967295,0,0
colizao,736,576,002A9769,0,1,1,4294967295,0,0
colizao,768,576,00238C2C,0,1,1,4294967295,0,0
colizao,800,576,00163654,0,1,1,4294967295,0,0
colizao,800,544,000B0CD1,0,1,1,4294967295,0,0
colizao,800,512,002BA0BF,0,1,1,4294967295,0,0
colizao,800,480,00280358,0,1,1,4294967295,0,0
colizao,800,448,00140D60,0,1,1,4294967295,0,0
colizao,800,416,001E6A1D,0,1,1,4294967295,0,0
colizao,800,384,0019CD7C,0,1,1,4294967295,0,0
colizao,800,352,002AFC4C,0,1,1,4294967295,0,0
colizao,800,320,001D90E9,0,1,1,4294967295,0,0
colizao,800,288,00241CC2,0,1,1,4294967295,0,0
colizao,0,160,001A69FD,0,1,1,4294967295,0,0
colizao,-32,224,002AAEDA,0,1,1,4294967295,0,0
colizao,-32,288,00309B95,0,1,1,4294967295,0,0
colizao,-32,256,002329CC,0,1,1,4294967295,0,0
colizao,-32,320,0018AD24,0,1,1,4294967295,0,0
colizao,-32,352,00195E0E,0,1,1,4294967295,0,0
colizao,-32,384,0039AF82,0,1,1,4294967295,0,0
colizao,-32,416,001F78DC,0,1,1,4294967295,0,0
colizao,-32,480,00109EEA,0,1,1,4294967295,0,0
colizao,-32,512,001E7FD9,0,1,1,4294967295,0,0
colizao,-32,544,001451AB,0,1,1,4294967295,0,0
colizao,-32,448,000786C2,0,1,1,4294967295,0,0
colizao,-32,192,000FFC52,0,1,1,4294967295,0,0
TP_Fergus_corredor2,512,544,0026AF19,0,1,1,4294967295,0,0
TP_Fergus_corredor2,480,544,0019D42A,0,1,1,4294967295,0,0
TP_Fergus_corredor2,448,544,0027BD1B,0,1,1,4294967295,0,0
TP_Fergus_corredor2,416,544,0010401A,0,1,1,4294967295,0,0
TP_Fergus_corredor2,384,544,00330315,0,1,1,4294967295,0,0
TP_Fergus_corredor2,352,544,00273A44,0,1,1,4294967295,0,0
TP_Fergus_corredor2,320,544,00384B49,0,1,1,4294967295,0,0
TP_Fergus_corredor2,256,544,001D50DC,0,1,1,4294967295,0,0
TP_Fergus_corredor2,288,544,002564DD,0,1,1,4294967295,0,0
TP_Fergus_corredor2,224,544,00188CF8,0,1,1,4294967295,0,0
TP_Fergus_corredor2,192,544,0030089B,0,1,1,4294967295,0,0
TP_Fergus_corredor2,160,544,000B00F4,0,1,1,4294967295,0,0
TP_Fergus_corredor2,128,544,001A121E,0,1,1,4294967295,0,0
TP_Fergus_corredor2,96,544,0002B685,0,1,1,4294967295,0,0
TP_Fergus_corredor2,32,544,0010411A,0,1,1,4294967295,0,0
TP_Fergus_corredor2,64,544,000DDBF0,0,1,1,4294967295,0,0
TP_Fergus_corredor2,0,544,002C09B4,0,1,1,4294967295,0,0
TP_Fergus_corredor2,0,512,0006BB78,0,1,1,4294967295,0,0
TP_Fergus_corredor2,0,480,003222E2,0,1,1,4294967295,0,0
TP_Fergus_corredor2,0,448,0017E377,0,1,1,4294967295,0,0
TP_Fergus_corredor2,0,416,0013DE43,0,1,1,4294967295,0,0
TP_Fergus_corredor2,0,384,0029C921,0,1,1,4294967295,0,0
TP_Fergus_corredor2,0,352,002AA850,0,1,1,4294967295,0,0
TP_Fergus_corredor2,0,320,002EB25E,0,1,1,4294967295,0,0
Dawn,224,192,00219BF2,0,1,1,4294967295,0,0
colizao,215,192,002D13D5,0,1,1,4294967295,0,0
