player,1024,640,003C0ECE,0,1,1,4294967295,0,0
colizao,0,160,0003AB4A,0,1,1,4294967295,0,0
colizao,32,192,00190664,0,1,1,4294967295,0,0
colizao,64,224,000F5409,0,1,1,4294967295,0,0
colizao,96,224,002A085D,0,1,1,4294967295,0,0
colizao,128,224,003EE1A2,0,1,1,4294967295,0,0
colizao,160,256,0005159C,0,1,1,4294967295,0,0
colizao,192,256,001CADD1,0,1,1,4294967295,0,0
colizao,224,256,000B9AF4,0,1,1,4294967295,0,0
colizao,256,256,0021ADE9,0,1,1,4294967295,0,0
colizao,288,256,002ED38F,0,1,1,4294967295,0,0
colizao,288,288,0005BD16,0,1,1,4294967295,0,0
colizao,320,320,0015ADC0,0,1,1,4294967295,0,0
colizao,352,288,003440ED,0,1,1,4294967295,0,0
colizao,384,288,002CF366,0,1,1,4294967295,0,0
colizao,416,320,00248D36,0,1,1,4294967295,0,0
colizao,416,352,0035BAD9,0,1,1,4294967295,0,0
colizao,416,384,002C8DD4,0,1,1,4294967295,0,0
colizao,448,416,001B5CE5,0,1,1,4294967295,0,0
colizao,480,416,0031D5F5,0,1,1,4294967295,0,0
colizao,512,416,001F1D12,0,1,1,4294967295,0,0
colizao,544,416,002DE990,0,1,1,4294967295,0,0
colizao,576,448,003DEB73,0,1,1,4294967295,0,0
colizao,608,480,0011A2B8,0,1,1,4294967295,0,0
colizao,640,512,0012BDB0,0,1,1,4294967295,0,0
colizao,672,512,00266076,0,1,1,4294967295,0,0
colizao,672,544,000188CB,0,1,1,4294967295,0,0
colizao,672,576,003AD8FC,0,1,1,4294967295,0,0
colizao,704,608,002DAD8B,0,1,1,4294967295,0,0
colizao,736,608,0017E2DC,0,1,1,4294967295,0,0
colizao,768,608,0016CCB7,0,1,1,4294967295,0,0
colizao,800,608,000ABD77,0,1,1,4294967295,0,0
colizao,800,576,001FC23B,0,1,1,4294967295,0,0
colizao,832,544,00270081,0,1,1,4294967295,0,0
colizao,832,512,0024C2E8,0,1,1,4294967295,0,0
colizao,832,480,002E57A5,0,1,1,4294967295,0,0
colizao,832,448,003A42F4,0,1,1,4294967295,0,0
colizao,832,416,0019D3A1,0,1,1,4294967295,0,0
colizao,832,384,0033E6CC,0,1,1,4294967295,0,0
colizao,832,352,000A9062,0,1,1,4294967295,0,0
colizao,864,352,001170AC,0,1,1,4294967295,0,0
colizao,896,384,00040BCA,0,1,1,4294967295,0,0
colizao,928,384,0032102A,0,1,1,4294967295,0,0
colizao,960,416,0031427B,0,1,1,4294967295,0,0
colizao,960,448,0005DBC2,0,1,1,4294967295,0,0
colizao,960,480,0028E764,0,1,1,4294967295,0,0
colizao,960,512,0009135F,0,1,1,4294967295,0,0
colizao,992,544,002B66A3,0,1,1,4294967295,0,0
colizao,1024,544,000E3918,0,1,1,4294967295,0,0
colizao,1056,576,002E3A1C,0,1,1,4294967295,0,0
colizao,1088,576,000ED55C,0,1,1,4294967295,0,0
colizao,1120,608,0004BFBD,0,1,1,4294967295,0,0
colizao,1152,608,0035ADEC,0,1,1,4294967295,0,0
colizao,1216,576,000E3581,0,1,1,4294967295,0,0
colizao,1184,576,0023F75E,0,1,1,4294967295,0,0
colizao,1248,608,0005CFB7,0,1,1,4294967295,0,0
colizao,1248,640,000A7CC3,0,1,1,4294967295,0,0
colizao,1280,672,00402176,0,1,1,4294967295,0,0
colizao,1312,704,002B12E0,0,1,1,4294967295,0,0
colizao,1344,704,0020C68D,0,1,1,4294967295,0,0
colizao,1376,672,000F807C,0,1,1,4294967295,0,0
colizao,1408,672,0021F1ED,0,1,1,4294967295,0,0
colizao,1440,640,000D85FC,0,1,1,4294967295,0,0
colizao,1472,640,00259F66,0,1,1,4294967295,0,0
colizao,1504,640,0009B6C6,0,1,1,4294967295,0,0
colizao,1536,672,0003B9AE,0,1,1,4294967295,0,0
colizao,1568,672,0015AF0A,0,1,1,4294967295,0,0
TP_FERGUS_INDUSTRIES,1184,608,001FBBF4,0,1,1,4294967295,0,0
TP_FERGUS_INDUSTRIES,1216,608,001F7F7C,0,1,1,4294967295,0,0
TP_FERGUS_INDUSTRIES,1216,640,00389ABA,0,1,1,4294967295,0,0
TP_FERGUS_INDUSTRIES,1184,640,0034032A,0,1,1,4294967295,0,0
TP_FERGUS_INDUSTRIES,1152,640,000F1888,0,1,1,4294967295,0,0
TP_FERGUS_INDUSTRIES,1248,672,00033DAF,0,1,1,4294967295,0,0
TP_FERGUS_INDUSTRIES,1216,672,002B8AF7,0,1,1,4294967295,0,0
Fergus_OBJ,928,608,00182141,0,1,1,4294967295,0,0
Hatsune_Miku_OBJ,384,480,00013AD9,0,1,1,4294967295,0,0
Cavalo,128,288,003CE62E,0,1,1,4294967295,0,0
TP_MINEFOOD_INTERIOR,256,288,0005C64A,0,1,1,4294967295,0,0
TP_MINEFOOD_INTERIOR,224,288,0014D73D,0,1,1,4294967295,0,0
TP_MINEFOOD_INTERIOR,256,320,001C6180,0,1,1,4294967295,0,0
TP_MINEFOOD_INTERIOR,288,320,002B7525,0,1,1,4294967295,0,0
TP_MIKUBYL,512,448,003CBA65,0,1,1,4294967295,0,0
TP_MIKUBYL,544,448,00130D04,0,1,1,4294967295,0,0
TP_MIKUBYL,544,480,003F8BF3,0,1,1,4294967295,0,0
TP_MIKUBYL,576,480,00359E6E,0,1,1,4294967295,0,0
TP_MIKUBYL,480,448,0033BB19,0,1,1,4294967295,0,0
TP_NEON_CASTELIA_CITY,0,192,002E9A5B,0,1,1,4294967295,0,0
TP_NEON_CASTELIA_CITY,0,224,002B6B2A,0,1,1,4294967295,0,0
TP_NEON_CASTELIA_CITY,0,288,001FC167,0,1,1,4294967295,0,0
TP_NEON_CASTELIA_CITY,0,256,00313C54,0,1,1,4294967295,0,0
TP_NEON_CASTELIA_CITY,0,320,0020D73B,0,1,1,4294967295,0,0
TP_NEON_CASTELIA_CITY,0,352,00373E55,0,1,1,4294967295,0,0
TP_NEON_CASTELIA_CITY,0,416,001D790D,0,1,1,4294967295,0,0
TP_NEON_CASTELIA_CITY,0,384,002B5633,0,1,1,4294967295,0,0
TP_NEON_CASTELIA_CITY,0,448,0032F118,0,1,1,4294967295,0,0
TP_NEON_CASTELIA_CITY,0,480,0021E403,0,1,1,4294967295,0,0
TP_NEON_CASTELIA_CITY,0,512,0038E0A4,0,1,1,4294967295,0,0
TP_NEON_CASTELIA_CITY,0,544,000BBBD4,0,1,1,4294967295,0,0
TP_NEON_CASTELIA_CITY,0,576,003B2142,0,1,1,4294967295,0,0
TP_NEON_CASTELIA_CITY,0,608,0026C1F7,0,1,1,4294967295,0,0
TP_NEON_CASTELIA_CITY,0,640,0000B76D,0,1,1,4294967295,0,0
TP_NEON_CASTELIA_CITY,0,672,0014A6DC,0,1,1,4294967295,0,0
TP_NEON_CASTELIA_CITY,0,736,003FC9CF,0,1,1,4294967295,0,0
TP_NEON_CASTELIA_CITY,0,768,0004B25B,0,1,1,4294967295,0,0
TP_NEON_CASTELIA_CITY,0,704,003E5817,0,1,1,4294967295,0,0
Relationship_control,1536,0,00204BC0,0,1,1,4294967295,0,0
inventory_controller,1568,32,00249026,0,1,1,4294967295,0,0
level_control,1568,0,003EBC74,0,1,1,4294967295,0,0
