colizao,0,288,0008ED66,0,1,1,4294967295,0,0
colizao,32,288,0008ED66,0,1,1,4294967295,0,0
colizao,64,288,0008ED66,0,1,1,4294967295,0,0
colizao,96,288,0008ED66,0,1,1,4294967295,0,0
colizao,128,288,0008ED66,0,1,1,4294967295,0,0
colizao,160,288,0008ED66,0,1,1,4294967295,0,0
colizao,192,288,0008ED66,0,1,1,4294967295,0,0
colizao,224,288,0008ED66,0,1,1,4294967295,0,0
colizao,256,288,0008ED66,0,1,1,4294967295,0,0
colizao,288,288,0008ED66,0,1,1,4294967295,0,0
colizao,320,288,0008ED66,0,1,1,4294967295,0,0
colizao,352,288,0008ED66,0,1,1,4294967295,0,0
colizao,384,288,0008ED66,0,1,1,4294967295,0,0
colizao,416,288,0008ED66,0,1,1,4294967295,0,0
colizao,448,288,0008ED66,0,1,1,4294967295,0,0
colizao,480,288,0008ED66,0,1,1,4294967295,0,0
colizao,512,288,0008ED66,0,1,1,4294967295,0,0
colizao,544,288,0008ED66,0,1,1,4294967295,0,0
colizao,576,288,0008ED66,0,1,1,4294967295,0,0
colizao,608,288,0008ED66,0,1,1,4294967295,0,0
colizao,640,288,0008ED66,0,1,1,4294967295,0,0
colizao,672,288,0008ED66,0,1,1,4294967295,0,0
colizao,704,288,0008ED66,0,1,1,4294967295,0,0
colizao,736,288,0008ED66,0,1,1,4294967295,0,0
colizao,768,288,0008ED66,0,1,1,4294967295,0,0
colizao,800,288,0008ED66,0,1,1,4294967295,0,0
colizao,832,288,0008ED66,0,1,1,4294967295,0,0
colizao,864,288,0008ED66,0,1,1,4294967295,0,0
colizao,896,288,0008ED66,0,1,1,4294967295,0,0
colizao,928,288,0008ED66,0,1,1,4294967295,0,0
colizao,960,288,0008ED66,0,1,1,4294967295,0,0
colizao,992,288,0008ED66,0,1,1,4294967295,0,0
colizao,1024,288,0008ED66,0,1,1,4294967295,0,0
colizao,1056,288,0008ED66,0,1,1,4294967295,0,0
colizao,1088,288,0008ED66,0,1,1,4294967295,0,0
colizao,1120,288,0008ED66,0,1,1,4294967295,0,0
colizao,1152,288,0008ED66,0,1,1,4294967295,0,0
colizao,1184,288,0008ED66,0,1,1,4294967295,0,0
colizao,1216,288,0008ED66,0,1,1,4294967295,0,0
colizao,1248,288,0008ED66,0,1,1,4294967295,0,0
colizao,1280,288,0008ED66,0,1,1,4294967295,0,0
colizao,1312,288,0008ED66,0,1,1,4294967295,0,0
colizao,1344,288,0008ED66,0,1,1,4294967295,0,0
colizao,1376,288,0008ED66,0,1,1,4294967295,0,0
colizao,1408,288,0008ED66,0,1,1,4294967295,0,0
colizao,1440,288,0008ED66,0,1,1,4294967295,0,0
colizao,1472,288,0008ED66,0,1,1,4294967295,0,0
colizao,1504,288,0008ED66,0,1,1,4294967295,0,0
colizao,1536,288,0008ED66,0,1,1,4294967295,0,0
colizao,1568,288,0008ED66,0,1,1,4294967295,0,0
colizao,1600,288,0008ED66,0,1,1,4294967295,0,0
colizao,1632,288,0008ED66,0,1,1,4294967295,0,0
colizao,1664,288,0008ED66,0,1,1,4294967295,0,0
colizao,1696,288,0008ED66,0,1,1,4294967295,0,0
colizao,1728,288,0008ED66,0,1,1,4294967295,0,0
colizao,1760,288,0008ED66,0,1,1,4294967295,0,0
colizao,1792,288,0008ED66,0,1,1,4294967295,0,0
colizao,1824,288,0008ED66,0,1,1,4294967295,0,0
colizao,1856,288,0008ED66,0,1,1,4294967295,0,0
colizao,1888,288,0008ED66,0,1,1,4294967295,0,0
colizao,1920,288,0008ED66,0,1,1,4294967295,0,0
colizao,1952,288,0008ED66,0,1,1,4294967295,0,0
colizao,1984,288,0008ED66,0,1,1,4294967295,0,0
TP_NEON_CASTELIA_CITY,544,320,0008ED66,0,1,1,4294967295,0,0
TP_NEON_CASTELIA_CITY,576,320,0008ED66,0,1,1,4294967295,0,0
TP_NEON_CASTELIA_CITY,608,320,0008ED66,0,1,1,4294967295,0,0
TP_NEON_CASTELIA_CITY,512,320,0008ED66,0,1,1,4294967295,0,0
TP_FERGUS,768,320,0008ED66,0,1,1,4294967295,0,0
TP_FERGUS,800,320,0008ED66,0,1,1,4294967295,0,0
TP_FERGUS,832,320,0008ED66,0,1,1,4294967295,0,0
TP_FERGUS,736,320,0008ED66,0,1,1,4294967295,0,0
TP_LUNATIC_CORP,960,320,0008ED66,0,1,1,4294967295,0,0
TP_LUNATIC_CORP,992,320,0008ED66,0,1,1,4294967295,0,0
TP_LUNATIC_CORP,1024,320,0008ED66,0,1,1,4294967295,0,0
TP_MINEFOOD_EXTERIOR,1184,320,0008ED66,0,1,1,4294967295,0,0
TP_MINEFOOD_EXTERIOR,1216,320,0008ED66,0,1,1,4294967295,0,0
TP_MINEFOOD_EXTERIOR,1248,320,0008ED66,0,1,1,4294967295,0,0
TP_NOOBFIELD_EXTERIOR,1664,320,0008ED66,0,1,1,4294967295,0,0
TP_NOOBFIELD_EXTERIOR,1696,320,0008ED66,0,1,1,4294967295,0,0
TP_NOOBFIELD_EXTERIOR,1728,320,0008ED66,0,1,1,4294967295,0,0
TP_NOOBFIELD_EXTERIOR,1632,320,0008ED66,0,1,1,4294967295,0,0
TP_Magvel,1952,352,0008ED66,0,1,1,4294967295,0,0
TP_Magvel,1952,384,0008ED66,0,1,1,4294967295,0,0
TP_Magvel,1952,384,0008ED66,0,1,1,4294967295,0,0
TP_Magvel,1952,416,0008ED66,0,1,1,4294967295,0,0
TP_Magvel,1952,416,0008ED66,0,1,1,4294967295,0,0
TP_Magvel,1952,448,0008ED66,0,1,1,4294967295,0,0
TP_Magvel,1952,480,0008ED66,0,1,1,4294967295,0,0
TP_Magvel,1952,512,0008ED66,0,1,1,4294967295,0,0
TP_Magvel,1952,544,0008ED66,0,1,1,4294967295,0,0
TP_Magvel,1952,544,0008ED66,0,1,1,4294967295,0,0
TP_Magvel,1952,576,0008ED66,0,1,1,4294967295,0,0
player,192,416,0008ED66,0,1,1,4294967295,0,0
NAMI_stewardess_OBJ1,1792,352,0008ED66,0,1,1,4294967295,0,0
NAMI_stewardess_OBJ2,1024,448,0008ED66,0,1,1,4294967295,0,0
NAMI_stewardess_OBJ3,896,416,0008ED66,0,1,1,4294967295,0,0
NAMI_stewardess_OBJ3,1824,544,0008ED66,0,1,1,4294967295,0,0
NAMI_stewardess_OBJ3,1120,352,0008ED66,0,1,1,4294967295,0,0
Concorde_INFEITE,0,0,0008ED66,0,1,1,4294967295,0,0
Concorde_INFEITE,64,0,0008ED66,0,1,1,4294967295,0,0
Concorde_INFEITE,128,0,0008ED66,0,1,1,4294967295,0,0
Concorde_INFEITE,192,0,0008ED66,0,1,1,4294967295,0,0
Concorde_INFEITE,256,0,0008ED66,0,1,1,4294967295,0,0
Concorde_INFEITE,320,0,0008ED66,0,1,1,4294967295,0,0
Concorde_INFEITE,384,0,0008ED66,0,1,1,4294967295,0,0
Concorde_INFEITE,448,0,0008ED66,0,1,1,4294967295,0,0
Concorde_INFEITE,512,0,0008ED66,0,1,1,4294967295,0,0
Concorde_INFEITE,576,0,0008ED66,0,1,1,4294967295,0,0
Concorde_INFEITE,640,-32,0008ED66,0,1,1,4294967295,0,0
Concorde_INFEITE,672,-32,0008ED66,0,1,1,4294967295,0,0
Concorde_INFEITE,448,32,0008ED66,0,1,1,4294967295,0,0
Concorde_INFEITE,352,32,0008ED66,0,1,1,4294967295,0,0
Concorde_INFEITE,320,64,0008ED66,0,1,1,4294967295,0,0
Concorde_INFEITE,256,64,0008ED66,0,1,1,4294967295,0,0
Concorde_INFEITE,192,64,0008ED66,0,1,1,4294967295,0,0
Concorde_INFEITE,128,64,0008ED66,0,1,1,4294967295,0,0
Concorde_INFEITE,64,64,0008ED66,0,1,1,4294967295,0,0
Concorde_INFEITE,0,64,0008ED66,0,1,1,4294967295,0,0
Concorde_INFEITE,0,96,0008ED66,0,1,1,4294967295,0,0
Concorde_INFEITE,64,96,0008ED66,0,1,1,4294967295,0,0
Concorde_INFEITE,128,96,0008ED66,0,1,1,4294967295,0,0
Concorde_INFEITE,192,96,0008ED66,0,1,1,4294967295,0,0
