MikuNet_shortcut,32,1152,0008ED66,0,1,1,4294967295,0,0
MikuNet_shortcut,64,1152,0008ED66,0,1,1,4294967295,0,0
MikuNet_shortcut,64,1184,0008ED66,0,1,1,4294967295,0,0
MikuNet_shortcut,32,1184,0008ED66,0,1,1,4294967295,0,0
MikuNet_shortcut,32,1120,0008ED66,0,1,1,4294967295,0,0
MikuNet_shortcut,64,1120,0008ED66,0,1,1,4294967295,0,0
MikuNet_shortcut,32,1088,0008ED66,0,1,1,4294967295,0,0
MikuNet_shortcut,64,1088,0008ED66,0,1,1,4294967295,0,0
MikuNet_shortcut,32,1056,0008ED66,0,1,1,4294967295,0,0
MikuNet_shortcut,64,1056,0008ED66,0,1,1,4294967295,0,0
MikuNet_shortcut,0,1056,0008ED66,0,1,1,4294967295,0,0
MikuNet_shortcut,0,1088,0008ED66,0,1,1,4294967295,0,0
MikuNet_shortcut,0,1120,0008ED66,0,1,1,4294967295,0,0
MikuNet_shortcut,0,1152,0008ED66,0,1,1,4294967295,0,0
MikuNet_shortcut,0,1184,0008ED66,0,1,1,4294967295,0,0
MikuNet_shortcut,96,1056,0008ED66,0,1,1,4294967295,0,0
MikuNet_shortcut,96,1088,0008ED66,0,1,1,4294967295,0,0
MikuNet_shortcut,96,1120,0008ED66,0,1,1,4294967295,0,0
MikuNet_shortcut,96,1152,0008ED66,0,1,1,4294967295,0,0
MikuNet_shortcut,96,1184,0008ED66,0,1,1,4294967295,0,0
MikuNet_shortcut,0,1024,0008ED66,0,1,1,4294967295,0,0
MikuNet_shortcut,32,1024,0008ED66,0,1,1,4294967295,0,0
MikuNet_shortcut,64,1024,0008ED66,0,1,1,4294967295,0,0
MikuNet_shortcut,96,1024,0008ED66,0,1,1,4294967295,0,0
Noobfield_BlueDye,480,32,0008ED66,0,1,1,4294967295,0,0
Noobfield_BlueDye,448,32,0008ED66,0,1,1,4294967295,0,0
Noobfield_BlueDye,480,0,0008ED66,0,1,1,4294967295,0,0
Noobfield_BlueDye,512,32,0008ED66,0,1,1,4294967295,0,0
Noobfield_BlueDye,480,64,0008ED66,0,1,1,4294967295,0,0
Noobfield_BlueDye,448,64,0008ED66,0,1,1,4294967295,0,0
Noobfield_BlueDye,512,64,0008ED66,0,1,1,4294967295,0,0
Noobfield_BlueDye,448,0,0008ED66,0,1,1,4294967295,0,0
Noobfield_BlueDye,512,0,0008ED66,0,1,1,4294967295,0,0
Noobfield_BlueDye,384,96,0008ED66,0,1,1,4294967295,0,0
Noobfield_BlueDye,416,96,0008ED66,0,1,1,4294967295,0,0
Noobfield_BlueDye,448,96,0008ED66,0,1,1,4294967295,0,0
Noobfield_BlueDye,480,96,0008ED66,0,1,1,4294967295,0,0
Labs_Button,0,0,0008ED66,0,1,1,4294967295,0,0
Labs_Button,32,0,0008ED66,0,1,1,4294967295,0,0
Labs_Button,64,0,0008ED66,0,1,1,4294967295,0,0
Labs_Button,96,0,0008ED66,0,1,1,4294967295,0,0
Labs_Button,128,0,0008ED66,0,1,1,4294967295,0,0
Labs_Button,160,0,0008ED66,0,1,1,4294967295,0,0
Labs_Button,192,0,0008ED66,0,1,1,4294967295,0,0
Labs_Button,224,0,0008ED66,0,1,1,4294967295,0,0
Labs_Button,256,0,0008ED66,0,1,1,4294967295,0,0
Labs_Button,288,0,0008ED66,0,1,1,4294967295,0,0
Labs_Button,320,0,0008ED66,0,1,1,4294967295,0,0
Labs_Button,320,32,0008ED66,0,1,1,4294967295,0,0
Labs_Button,320,64,0008ED66,0,1,1,4294967295,0,0
Labs_Button,288,64,0008ED66,0,1,1,4294967295,0,0
Labs_Button,288,32,0008ED66,0,1,1,4294967295,0,0
Labs_Button,256,32,0008ED66,0,1,1,4294967295,0,0
Labs_Button,224,32,0008ED66,0,1,1,4294967295,0,0
Labs_Button,192,32,0008ED66,0,1,1,4294967295,0,0
Labs_Button,160,32,0008ED66,0,1,1,4294967295,0,0
Labs_Button,128,32,0008ED66,0,1,1,4294967295,0,0
Labs_Button,96,32,0008ED66,0,1,1,4294967295,0,0
Labs_Button,64,32,0008ED66,0,1,1,4294967295,0,0
Labs_Button,32,32,0008ED66,0,1,1,4294967295,0,0
Labs_Button,0,32,0008ED66,0,1,1,4294967295,0,0
Labs_Button,0,64,0008ED66,0,1,1,4294967295,0,0
Labs_Button,32,64,0008ED66,0,1,1,4294967295,0,0
Labs_Button,64,64,0008ED66,0,1,1,4294967295,0,0
Labs_Button,96,64,0008ED66,0,1,1,4294967295,0,0
Labs_Button,128,64,0008ED66,0,1,1,4294967295,0,0
Labs_Button,160,64,0008ED66,0,1,1,4294967295,0,0
Labs_Button,192,64,0008ED66,0,1,1,4294967295,0,0
Labs_Button,224,64,0008ED66,0,1,1,4294967295,0,0
Labs_Button,256,64,0008ED66,0,1,1,4294967295,0,0
Labs_Button,352,32,0008ED66,0,1,1,4294967295,0,0
Labs_Button,352,0,0008ED66,0,1,1,4294967295,0,0
Labs_Button,352,64,0008ED66,0,1,1,4294967295,0,0
Labs_Button,384,32,0008ED66,0,1,1,4294967295,0,0
BuyNOW,384,864,0008ED66,0,1,1,4294967295,0,0
BuyNOW,416,864,0008ED66,0,1,1,4294967295,0,0
BuyNOW,448,864,0008ED66,0,1,1,4294967295,0,0
BuyNOW,480,864,0008ED66,0,1,1,4294967295,0,0
BuyNOW,512,864,0008ED66,0,1,1,4294967295,0,0
BuyNOW,544,864,0008ED66,0,1,1,4294967295,0,0
BuyNOW,576,864,0008ED66,0,1,1,4294967295,0,0
BuyNOW,608,864,0008ED66,0,1,1,4294967295,0,0
BuyNOW,640,864,0008ED66,0,1,1,4294967295,0,0
BuyNOW,672,864,0008ED66,0,1,1,4294967295,0,0
BuyNOW,704,864,0008ED66,0,1,1,4294967295,0,0
BuyNOW,736,864,0008ED66,0,1,1,4294967295,0,0
BuyNOW,736,896,0008ED66,0,1,1,4294967295,0,0
BuyNOW,704,896,0008ED66,0,1,1,4294967295,0,0
BuyNOW,672,896,0008ED66,0,1,1,4294967295,0,0
BuyNOW,640,896,0008ED66,0,1,1,4294967295,0,0
BuyNOW,608,896,0008ED66,0,1,1,4294967295,0,0
BuyNOW,576,896,0008ED66,0,1,1,4294967295,0,0
BuyNOW,544,896,0008ED66,0,1,1,4294967295,0,0
BuyNOW,512,896,0008ED66,0,1,1,4294967295,0,0
BuyNOW,480,896,0008ED66,0,1,1,4294967295,0,0
BuyNOW,448,896,0008ED66,0,1,1,4294967295,0,0
BuyNOW,416,896,0008ED66,0,1,1,4294967295,0,0
BuyNOW,384,896,0008ED66,0,1,1,4294967295,0,0
BuyNOW,384,928,0008ED66,0,1,1,4294967295,0,0
BuyNOW,416,928,0008ED66,0,1,1,4294967295,0,0
BuyNOW,448,928,0008ED66,0,1,1,4294967295,0,0
BuyNOW,480,928,0008ED66,0,1,1,4294967295,0,0
BuyNOW,512,928,0008ED66,0,1,1,4294967295,0,0
BuyNOW,544,928,0008ED66,0,1,1,4294967295,0,0
BuyNOW,576,928,0008ED66,0,1,1,4294967295,0,0
BuyNOW,608,928,0008ED66,0,1,1,4294967295,0,0
BuyNOW,640,928,0008ED66,0,1,1,4294967295,0,0
BuyNOW,672,928,0008ED66,0,1,1,4294967295,0,0
BuyNOW,704,928,0008ED66,0,1,1,4294967295,0,0
BuyNOW,736,928,0008ED66,0,1,1,4294967295,0,0
Camera_Cursor,768,0,0008ED66,0,1,1,4294967295,0,0
