colizao,0,320,00240AC9,0,1,1,4294967295,0,0
colizao,32,288,0009E4BF,0,1,1,4294967295,0,0
colizao,64,256,00188DEB,0,1,1,4294967295,0,0
colizao,96,224,002ABC43,0,1,1,4294967295,0,0
colizao,64,192,000D073E,0,1,1,4294967295,0,0
colizao,224,128,003484C3,0,1,1,4294967295,0,0
colizao,256,128,001333A1,0,1,1,4294967295,0,0
colizao,288,96,003BB814,0,1,1,4294967295,0,0
colizao,320,64,00135313,0,1,1,4294967295,0,0
colizao,352,64,0003F0C0,0,1,1,4294967295,0,0
colizao,384,64,002959B4,0,1,1,4294967295,0,0
colizao,416,96,00015691,0,1,1,4294967295,0,0
colizao,416,128,0017B59E,0,1,1,4294967295,0,0
colizao,416,160,00118280,0,1,1,4294967295,0,0
colizao,416,192,000A9C4B,0,1,1,4294967295,0,0
colizao,416,224,0022DB4E,0,1,1,4294967295,0,0
colizao,416,256,001C8AB6,0,1,1,4294967295,0,0
colizao,416,288,002110FD,0,1,1,4294967295,0,0
colizao,416,288,0015B369,0,1,1,4294967295,0,0
colizao,416,352,00183264,0,1,1,4294967295,0,0
colizao,416,320,00113F27,0,1,1,4294967295,0,0
colizao,384,384,0038BB6F,0,1,1,4294967295,0,0
colizao,352,384,0013E7F7,0,1,1,4294967295,0,0
colizao,320,384,001872EE,0,1,1,4294967295,0,0
colizao,256,384,001C6A52,0,1,1,4294967295,0,0
colizao,288,384,002D4B57,0,1,1,4294967295,0,0
colizao,224,384,000667C4,0,1,1,4294967295,0,0
colizao,192,384,0012E4C2,0,1,1,4294967295,0,0
colizao,128,384,002A266C,0,1,1,4294967295,0,0
colizao,160,384,0008D9FB,0,1,1,4294967295,0,0
colizao,96,384,003150D7,0,1,1,4294967295,0,0
colizao,64,384,00227C3A,0,1,1,4294967295,0,0
TP_Fergus_Chemistry_room,96,192,00172790,0,1,1,4294967295,0,0
TP_Fergus_Chemistry_room,128,160,003D8BFB,0,1,1,4294967295,0,0
TP_Fergus_Chemistry_room,160,160,00232B44,0,1,1,4294967295,0,0
TP_Fergus_Chemistry_room,192,128,00344149,0,1,1,4294967295,0,0
colizao,96,160,001F2DE7,0,1,1,4294967295,0,0
colizao,128,128,0025B839,0,1,1,4294967295,0,0
colizao,160,128,000B8643,0,1,1,4294967295,0,0
colizao,192,96,002D149C,0,1,1,4294967295,0,0
colizao,224,96,00041AC1,0,1,1,4294967295,0,0
TP_Fergus_corredor1,320,96,002A70D5,0,1,1,4294967295,0,0
TP_Fergus_corredor1,352,96,003B1899,0,1,1,4294967295,0,0
TP_Fergus_corredor1,384,96,0029619F,0,1,1,4294967295,0,0
player_RE2,320,192,0038545B,0,1,1,4294967295,0,0
TP_Fergus_Basquete,32,320,002B2ECD,0,1,1,4294967295,0,0
TP_Fergus_Basquete,64,352,003DFF56,0,1,1,4294967295,0,0
TP_Fergus_Basquete,96,352,0000CEDD,0,1,1,4294967295,0,0
TP_Fergus_Basquete,128,352,001DF856,0,1,1,4294967295,0,0
TP_Fergus_Basquete,160,352,00204A2A,0,1,1,4294967295,0,0
TP_Fergus_Basquete,192,352,0011E6C0,0,1,1,4294967295,0,0
TP_Fergus_Basquete,224,352,000B2498,0,1,1,4294967295,0,0
TP_Fergus_Basquete,256,352,0009507B,0,1,1,4294967295,0,0
TP_Fergus_Basquete,288,352,00382D91,0,1,1,4294967295,0,0
TP_Fergus_Basquete,320,352,0003428A,0,1,1,4294967295,0,0
TP_Fergus_Basquete,352,352,002E19A8,0,1,1,4294967295,0,0
TP_Fergus_Basquete,384,352,0035F012,0,1,1,4294967295,0,0
colizao,32,352,0001CB23,0,1,1,4294967295,0,0
