player,448,512,0008ED66,0,1,1,4294967295,0,0
DOOR_NOOBFIELD_EXTERIOR,288,544,00222831,0,1,1,4294967295,0,0
DOOR_NOOBFIELD_EXTERIOR,320,544,00002E0D,0,1,1,4294967295,0,0
colizao,0,320,000B46B5,0,1,1,4294967295,0,0
colizao,32,320,00379380,0,1,1,4294967295,0,0
colizao,64,320,0012A4C2,0,1,1,4294967295,0,0
colizao,96,320,0004C51F,0,1,1,4294967295,0,0
colizao,128,320,0014E445,0,1,1,4294967295,0,0
colizao,160,320,002D4B47,0,1,1,4294967295,0,0
colizao,192,320,00374711,0,1,1,4294967295,0,0
colizao,224,320,0014740E,0,1,1,4294967295,0,0
colizao,256,320,000FD8B5,0,1,1,4294967295,0,0
colizao,288,320,001E0EE6,0,1,1,4294967295,0,0
colizao,320,320,002C4D61,0,1,1,4294967295,0,0
colizao,352,320,002E773D,0,1,1,4294967295,0,0
colizao,384,320,001FC878,0,1,1,4294967295,0,0
colizao,416,320,001FB234,0,1,1,4294967295,0,0
colizao,448,320,0003F17F,0,1,1,4294967295,0,0
colizao,480,320,0018B549,0,1,1,4294967295,0,0
colizao,512,320,002C798B,0,1,1,4294967295,0,0
colizao,544,320,001707F1,0,1,1,4294967295,0,0
colizao,608,320,003B301B,0,1,1,4294967295,0,0
colizao,640,320,0004476B,0,1,1,4294967295,0,0
colizao,672,320,0027A455,0,1,1,4294967295,0,0
colizao,704,320,001FE4C6,0,1,1,4294967295,0,0
colizao,736,320,0039E7A6,0,1,1,4294967295,0,0
colizao,768,320,0001D4BB,0,1,1,4294967295,0,0
colizao,800,320,0031EFE4,0,1,1,4294967295,0,0
colizao,832,320,0010B382,0,1,1,4294967295,0,0
colizao,864,320,00257BBE,0,1,1,4294967295,0,0
colizao,864,320,0000981D,0,1,1,4294967295,0,0
colizao,896,320,00319F76,0,1,1,4294967295,0,0
colizao,928,320,003AFACF,0,1,1,4294967295,0,0
colizao,960,320,001A62DC,0,1,1,4294967295,0,0
colizao,576,320,001ED0F4,0,1,1,4294967295,0,0
colizao,128,448,003F7EF6,0,1,1,4294967295,0,0
colizao,160,448,00141D67,0,1,1,4294967295,0,0
colizao,192,448,003B7263,0,1,1,4294967295,0,0
colizao,224,448,002151F7,0,1,1,4294967295,0,0
colizao,192,416,001B0A03,0,1,1,4294967295,0,0
colizao,224,416,000B350E,0,1,1,4294967295,0,0
colizao,160,416,0010355A,0,1,1,4294967295,0,0
colizao,128,416,003B9759,0,1,1,4294967295,0,0
colizao,128,384,002B9DC6,0,1,1,4294967295,0,0
colizao,192,384,0013D156,0,1,1,4294967295,0,0
colizao,160,384,00006EA1,0,1,1,4294967295,0,0
colizao,224,384,001BFDE4,0,1,1,4294967295,0,0
Colton,448,384,001D4FDD,0,1,1,4294967295,0,0
