colizao,336,48,0008ED66,0,1,1,4294967295,0,0
colizao,352,64,003D240B,0,1,1,4294967295,0,0
colizao,368,80,0019C7F2,0,1,1,4294967295,0,0
colizao,384,96,0022A856,0,1,1,4294967295,0,0
colizao,400,112,003DA184,0,1,1,4294967295,0,0
colizao,432,112,00046318,0,1,1,4294967295,0,0
colizao,448,128,003C7449,0,1,1,4294967295,0,0
colizao,464,144,000AA795,0,1,1,4294967295,0,0
colizao,496,144,0007D231,0,1,1,4294967295,0,0
colizao,512,160,003644D4,0,1,1,4294967295,0,0
colizao,528,176,001994F7,0,1,1,4294967295,0,0
colizao,544,192,00100CB1,0,1,1,4294967295,0,0
colizao,576,192,00047819,0,1,1,4294967295,0,0
colizao,608,192,003D53C8,0,1,1,4294967295,0,0
colizao,608,224,001CBE2F,0,1,1,4294967295,0,0
colizao,640,224,000F037B,0,1,1,4294967295,0,0
colizao,640,256,0037A249,0,1,1,4294967295,0,0
colizao,672,256,00100602,0,1,1,4294967295,0,0
colizao,704,288,000A7D22,0,1,1,4294967295,0,0
colizao,736,288,00152495,0,1,1,4294967295,0,0
colizao,768,288,001FDBC9,0,1,1,4294967295,0,0
colizao,768,320,00035F56,0,1,1,4294967295,0,0
colizao,800,320,0037F5D3,0,1,1,4294967295,0,0
colizao,832,352,001E005A,0,1,1,4294967295,0,0
colizao,864,352,003A469E,0,1,1,4294967295,0,0
colizao,896,352,0013A7F1,0,1,1,4294967295,0,0
colizao,896,384,0004BEFC,0,1,1,4294967295,0,0
colizao,928,384,0039142A,0,1,1,4294967295,0,0
colizao,928,416,0005CC50,0,1,1,4294967295,0,0
colizao,960,416,002BBDEC,0,1,1,4294967295,0,0
colizao,992,416,000C7FE3,0,1,1,4294967295,0,0
colizao,992,448,001C12AF,0,1,1,4294967295,0,0
colizao,1024,448,0020FA83,0,1,1,4294967295,0,0
colizao,1024,480,0024EC6F,0,1,1,4294967295,0,0
colizao,1056,480,00122FA0,0,1,1,4294967295,0,0
colizao,1088,480,000BCB4B,0,1,1,4294967295,0,0
colizao,1088,512,001E960C,0,1,1,4294967295,0,0
colizao,1120,512,00376DA2,0,1,1,4294967295,0,0
colizao,1152,512,0007EC78,0,1,1,4294967295,0,0
colizao,1184,512,002C325E,0,1,1,4294967295,0,0
colizao,1184,544,0020D8F1,0,1,1,4294967295,0,0
colizao,1216,544,002CD354,0,1,1,4294967295,0,0
colizao,1248,544,002DB701,0,1,1,4294967295,0,0
colizao,1248,576,002CEAF8,0,1,1,4294967295,0,0
colizao,1280,576,002A32E5,0,1,1,4294967295,0,0
colizao,1312,576,0018AB6B,0,1,1,4294967295,0,0
colizao,1312,608,001C124D,0,1,1,4294967295,0,0
colizao,1344,608,002C7C05,0,1,1,4294967295,0,0
colizao,1376,608,000C2CF9,0,1,1,4294967295,0,0
colizao,1696,800,0023EB06,0,1,1,4294967295,0,0
colizao,1728,800,000E2AB3,0,1,1,4294967295,0,0
colizao,1728,832,003185B3,0,1,1,4294967295,0,0
colizao,1760,832,00386987,0,1,1,4294967295,0,0
colizao,1408,608,002E4627,0,1,1,4294967295,0,0
colizao,1408,640,0019F4E4,0,1,1,4294967295,0,0
colizao,1440,640,002A7331,0,1,1,4294967295,0,0
colizao,1440,672,0023394C,0,1,1,4294967295,0,0
colizao,1472,672,0023C1D9,0,1,1,4294967295,0,0
colizao,1504,704,001BFAAF,0,1,1,4294967295,0,0
colizao,1536,704,003E14C9,0,1,1,4294967295,0,0
colizao,1536,736,002E30BF,0,1,1,4294967295,0,0
colizao,1568,736,001D8BEA,0,1,1,4294967295,0,0
colizao,1600,736,003DF584,0,1,1,4294967295,0,0
colizao,1632,768,0025E6E5,0,1,1,4294967295,0,0
colizao,1664,768,0036D522,0,1,1,4294967295,0,0
colizao,1664,800,001505C0,0,1,1,4294967295,0,0
colizao,1696,800,0021AB27,0,1,1,4294967295,0,0
colizao,1728,800,00063B6B,0,1,1,4294967295,0,0
colizao,1728,832,001E1ED6,0,1,1,4294967295,0,0
colizao,1760,832,00307F13,0,1,1,4294967295,0,0
colizao,1792,832,003FC0FD,0,1,1,4294967295,0,0
colizao,1824,864,0018BA15,0,1,1,4294967295,0,0
colizao,1856,864,0003B92F,0,1,1,4294967295,0,0
colizao,1888,896,0020B63E,0,1,1,4294967295,0,0
colizao,1920,896,0010F4CF,0,1,1,4294967295,0,0
colizao,1920,928,000AF53C,0,1,1,4294967295,0,0
colizao,1952,928,001D91C6,0,1,1,4294967295,0,0
colizao,1984,928,003C856A,0,1,1,4294967295,0,0
colizao,2016,928,002C8310,0,1,1,4294967295,0,0
colizao,2016,960,002AB3F4,0,1,1,4294967295,0,0
colizao,2048,960,00172BAF,0,1,1,4294967295,0,0
colizao,2080,960,00020688,0,1,1,4294967295,0,0
colizao,2080,992,0027CB1B,0,1,1,4294967295,0,0
colizao,2112,992,0017D930,0,1,1,4294967295,0,0
colizao,2144,992,002DEF09,0,1,1,4294967295,0,0
colizao,2176,992,000AB366,0,1,1,4294967295,0,0
colizao,2208,992,001AF38B,0,1,1,4294967295,0,0
colizao,2240,992,0021477D,0,1,1,4294967295,0,0
colizao,2240,1024,00316FCB,0,1,1,4294967295,0,0
colizao,2208,1024,000079DA,0,1,1,4294967295,0,0
colizao,2208,1056,00125B4C,0,1,1,4294967295,0,0
colizao,2176,1056,00194DDB,0,1,1,4294967295,0,0
colizao,2144,1056,000866FB,0,1,1,4294967295,0,0
colizao,2112,1056,0003009F,0,1,1,4294967295,0,0
colizao,2112,1088,000FB41E,0,1,1,4294967295,0,0
colizao,2080,1088,00394421,0,1,1,4294967295,0,0
colizao,2048,1088,002168EF,0,1,1,4294967295,0,0
colizao,2016,1088,001A356E,0,1,1,4294967295,0,0
colizao,2016,1120,0028D5D4,0,1,1,4294967295,0,0
colizao,1984,1120,0013E217,0,1,1,4294967295,0,0
colizao,1952,1120,00269D2A,0,1,1,4294967295,0,0
colizao,1920,1120,00072126,0,1,1,4294967295,0,0
colizao,1888,1120,001AB75A,0,1,1,4294967295,0,0
colizao,1888,1152,00196C1C,0,1,1,4294967295,0,0
colizao,1856,1152,00110BBE,0,1,1,4294967295,0,0
colizao,1824,1152,000A36DA,0,1,1,4294967295,0,0
colizao,1824,1184,00049F92,0,1,1,4294967295,0,0
colizao,1792,1184,002CF1E5,0,1,1,4294967295,0,0
colizao,1760,1184,00265E42,0,1,1,4294967295,0,0
colizao,1728,1184,001952BD,0,1,1,4294967295,0,0
colizao,1696,1216,002BED67,0,1,1,4294967295,0,0
colizao,1664,1216,002D625D,0,1,1,4294967295,0,0
colizao,1632,1216,000E412C,0,1,1,4294967295,0,0
colizao,1632,1248,002C124B,0,1,1,4294967295,0,0
colizao,1600,1248,00031118,0,1,1,4294967295,0,0
colizao,1568,1248,0019FF4A,0,1,1,4294967295,0,0
colizao,1568,1280,003566BC,0,1,1,4294967295,0,0
colizao,1536,1280,003F2AF9,0,1,1,4294967295,0,0
colizao,1504,1280,00084117,0,1,1,4294967295,0,0
colizao,1472,1280,001D84C0,0,1,1,4294967295,0,0
colizao,1472,1312,002F3FF7,0,1,1,4294967295,0,0
colizao,1440,1312,0021D4D3,0,1,1,4294967295,0,0
colizao,1408,1312,0013C556,0,1,1,4294967295,0,0
colizao,1376,1312,001A9338,0,1,1,4294967295,0,0
colizao,1376,1344,00242C0B,0,1,1,4294967295,0,0
colizao,1344,1344,00318EE3,0,1,1,4294967295,0,0
colizao,1312,1344,000B7E83,0,1,1,4294967295,0,0
colizao,1280,1344,0025F2EA,0,1,1,4294967295,0,0
colizao,1248,1344,001D5669,0,1,1,4294967295,0,0
colizao,1248,1376,00341A45,0,1,1,4294967295,0,0
colizao,1216,1376,00379374,0,1,1,4294967295,0,0
colizao,1184,1376,0027B502,0,1,1,4294967295,0,0
colizao,1152,1376,001883DA,0,1,1,4294967295,0,0
colizao,1120,1408,0016E2A5,0,1,1,4294967295,0,0
colizao,1088,1408,0005EF2D,0,1,1,4294967295,0,0
colizao,1088,1440,002FED16,0,1,1,4294967295,0,0
colizao,1056,1440,0019ED6B,0,1,1,4294967295,0,0
colizao,1024,1440,00241C76,0,1,1,4294967295,0,0
colizao,1024,1472,00210445,0,1,1,4294967295,0,0
colizao,992,1472,00187315,0,1,1,4294967295,0,0
colizao,960,1472,0002E951,0,1,1,4294967295,0,0
colizao,928,1472,000FE920,0,1,1,4294967295,0,0
colizao,896,1472,00001449,0,1,1,4294967295,0,0
colizao,896,1504,00208BDA,0,1,1,4294967295,0,0
colizao,864,1504,0005529C,0,1,1,4294967295,0,0
colizao,832,1504,0014166C,0,1,1,4294967295,0,0
colizao,832,1536,003A567E,0,1,1,4294967295,0,0
colizao,800,1536,003AEDAC,0,1,1,4294967295,0,0
colizao,768,1536,0018E59D,0,1,1,4294967295,0,0
colizao,736,1536,001901A0,0,1,1,4294967295,0,0
colizao,704,1536,00216A99,0,1,1,4294967295,0,0
colizao,704,1536,001B6A82,0,1,1,4294967295,0,0
colizao,704,1568,002B7CAC,0,1,1,4294967295,0,0
colizao,672,1568,00020FCB,0,1,1,4294967295,0,0
colizao,640,1568,000C96AE,0,1,1,4294967295,0,0
colizao,608,1568,001F5E36,0,1,1,4294967295,0,0
colizao,576,1568,0012167C,0,1,1,4294967295,0,0
colizao,576,1600,003FC3A7,0,1,1,4294967295,0,0
colizao,544,1600,003AC73A,0,1,1,4294967295,0,0
colizao,512,1600,0038B49E,0,1,1,4294967295,0,0
colizao,480,1600,001296B4,0,1,1,4294967295,0,0
colizao,448,1600,001795C2,0,1,1,4294967295,0,0
colizao,416,1600,000E837C,0,1,1,4294967295,0,0
colizao,384,1600,001A25E5,0,1,1,4294967295,0,0
colizao,352,1600,002B2F19,0,1,1,4294967295,0,0
colizao,320,1600,002BDA08,0,1,1,4294967295,0,0
colizao,288,1600,000B9D90,0,1,1,4294967295,0,0
colizao,256,1600,001DE7E0,0,1,1,4294967295,0,0
colizao,256,1632,000C0D84,0,1,1,4294967295,0,0
colizao,224,1632,00299E2E,0,1,1,4294967295,0,0
colizao,192,1632,0032A7B3,0,1,1,4294967295,0,0
colizao,192,1664,00397D63,0,1,1,4294967295,0,0
colizao,160,1664,003B6C23,0,1,1,4294967295,0,0
colizao,128,1664,001C8206,0,1,1,4294967295,0,0
colizao,128,1696,000CEDD2,0,1,1,4294967295,0,0
colizao,128,1728,002E5814,0,1,1,4294967295,0,0
colizao,128,1760,0023C8EA,0,1,1,4294967295,0,0
colizao,96,1760,0003DA94,0,1,1,4294967295,0,0
colizao,96,1792,000A2F20,0,1,1,4294967295,0,0
colizao,96,1824,0027165D,0,1,1,4294967295,0,0
colizao,128,1824,001CF1A5,0,1,1,4294967295,0,0
colizao,128,1856,00342F81,0,1,1,4294967295,0,0
colizao,128,1888,002EB5C0,0,1,1,4294967295,0,0
colizao,160,1888,0015E6FC,0,1,1,4294967295,0,0
colizao,160,1920,0017B979,0,1,1,4294967295,0,0
colizao,192,1920,0039A893,0,1,1,4294967295,0,0
colizao,192,1952,002081C5,0,1,1,4294967295,0,0
colizao,224,1952,0035CA6F,0,1,1,4294967295,0,0
colizao,224,1984,0018F474,0,1,1,4294967295,0,0
colizao,256,1984,000AA70E,0,1,1,4294967295,0,0
colizao,256,2016,0007325B,0,1,1,4294967295,0,0
colizao,288,2016,000AD20F,0,1,1,4294967295,0,0
colizao,288,2048,001F1672,0,1,1,4294967295,0,0
colizao,320,2048,002112F3,0,1,1,4294967295,0,0
colizao,320,2080,00285D56,0,1,1,4294967295,0,0
colizao,352,2080,002B49F5,0,1,1,4294967295,0,0
colizao,384,2080,003DD7DA,0,1,1,4294967295,0,0
colizao,384,2112,0013BEF9,0,1,1,4294967295,0,0
colizao,448,2080,00319ADE,0,1,1,4294967295,0,0
colizao,480,2112,000C1748,0,1,1,4294967295,0,0
colizao,512,2112,003F29D8,0,1,1,4294967295,0,0
colizao,512,2144,003F51C6,0,1,1,4294967295,0,0
colizao,544,2144,002F010D,0,1,1,4294967295,0,0
colizao,544,2176,0013D391,0,1,1,4294967295,0,0
colizao,576,2176,0023BCB8,0,1,1,4294967295,0,0
colizao,608,2176,0020424D,0,1,1,4294967295,0,0
colizao,608,2208,0021CD75,0,1,1,4294967295,0,0
colizao,640,2208,0008A739,0,1,1,4294967295,0,0
colizao,640,2240,0033125B,0,1,1,4294967295,0,0
colizao,672,2240,00233AF6,0,1,1,4294967295,0,0
colizao,704,2240,003B01AD,0,1,1,4294967295,0,0
colizao,704,2272,0027C968,0,1,1,4294967295,0,0
colizao,736,2272,0035CFA7,0,1,1,4294967295,0,0
colizao,768,2272,00015227,0,1,1,4294967295,0,0
colizao,800,2304,00123636,0,1,1,4294967295,0,0
colizao,832,2304,003FB326,0,1,1,4294967295,0,0
colizao,832,2336,0004CCFB,0,1,1,4294967295,0,0
colizao,864,2336,00088866,0,1,1,4294967295,0,0
colizao,896,2336,000C27EA,0,1,1,4294967295,0,0
colizao,896,2368,00383058,0,1,1,4294967295,0,0
colizao,2144,3072,002A8F5F,0,1,1,4294967295,0,0
colizao,2176,3072,0010FF4B,0,1,1,4294967295,0,0
colizao,2176,3104,0022147C,0,1,1,4294967295,0,0
colizao,2208,3104,002A0EE0,0,1,1,4294967295,0,0
colizao,2240,3104,003B99D0,0,1,1,4294967295,0,0
colizao,2272,3104,001ADFEC,0,1,1,4294967295,0,0
colizao,2272,3136,001269A1,0,1,1,4294967295,0,0
colizao,2304,3136,002D7301,0,1,1,4294967295,0,0
colizao,896,2336,0021AB68,0,1,1,4294967295,0,0
colizao,896,2368,00018A7E,0,1,1,4294967295,0,0
colizao,928,2368,0006364F,0,1,1,4294967295,0,0
colizao,960,2368,00010DC8,0,1,1,4294967295,0,0
colizao,960,2400,0008A946,0,1,1,4294967295,0,0
colizao,992,2400,0010D9D4,0,1,1,4294967295,0,0
colizao,1024,2400,00212F21,0,1,1,4294967295,0,0
colizao,1056,2432,00346DE3,0,1,1,4294967295,0,0
colizao,1184,2496,001B55B0,0,1,1,4294967295,0,0
colizao,1216,2528,000821CA,0,1,1,4294967295,0,0
colizao,1248,2528,003701E9,0,1,1,4294967295,0,0
colizao,1280,2528,002ABFDC,0,1,1,4294967295,0,0
colizao,1280,2560,003DA294,0,1,1,4294967295,0,0
colizao,1312,2560,002763CE,0,1,1,4294967295,0,0
colizao,1312,2592,00336420,0,1,1,4294967295,0,0
colizao,1344,2592,0022175C,0,1,1,4294967295,0,0
colizao,1344,2624,001EFFCB,0,1,1,4294967295,0,0
colizao,1376,2624,00224B13,0,1,1,4294967295,0,0
colizao,1088,2432,002150F8,0,1,1,4294967295,0,0
colizao,1120,2464,003E1747,0,1,1,4294967295,0,0
colizao,1152,2464,00074243,0,1,1,4294967295,0,0
colizao,1408,2624,00095365,0,1,1,4294967295,0,0
colizao,1440,2624,00187900,0,1,1,4294967295,0,0
colizao,1440,2656,0014FABF,0,1,1,4294967295,0,0
colizao,1472,2656,00151475,0,1,1,4294967295,0,0
colizao,1504,2656,001B1206,0,1,1,4294967295,0,0
colizao,1504,2688,000A381F,0,1,1,4294967295,0,0
colizao,1536,2688,002BDE7B,0,1,1,4294967295,0,0
colizao,1536,2720,0006225C,0,1,1,4294967295,0,0
colizao,1568,2720,0020BAEE,0,1,1,4294967295,0,0
colizao,1568,2752,001B9929,0,1,1,4294967295,0,0
colizao,1600,2752,00048A42,0,1,1,4294967295,0,0
colizao,1600,2784,002990DF,0,1,1,4294967295,0,0
colizao,1632,2784,001D9E6E,0,1,1,4294967295,0,0
colizao,1664,2816,0038C06E,0,1,1,4294967295,0,0
colizao,1696,2816,001A07A0,0,1,1,4294967295,0,0
colizao,1696,2848,00264A43,0,1,1,4294967295,0,0
colizao,1728,2848,00143F6B,0,1,1,4294967295,0,0
colizao,1760,2848,0013C391,0,1,1,4294967295,0,0
colizao,1792,2880,0015B094,0,1,1,4294967295,0,0
colizao,1824,2880,002128CF,0,1,1,4294967295,0,0
colizao,1856,2880,00105CED,0,1,1,4294967295,0,0
colizao,1856,2912,003CE910,0,1,1,4294967295,0,0
colizao,1888,2912,001FC9FB,0,1,1,4294967295,0,0
colizao,1888,2944,0013E948,0,1,1,4294967295,0,0
colizao,1920,2944,002A92C8,0,1,1,4294967295,0,0
colizao,1952,2944,000DA80B,0,1,1,4294967295,0,0
colizao,1952,2976,000D86C5,0,1,1,4294967295,0,0
colizao,1984,2976,0019D36C,0,1,1,4294967295,0,0
colizao,2016,2976,001C5BD8,0,1,1,4294967295,0,0
colizao,2016,3008,002BA36B,0,1,1,4294967295,0,0
colizao,2048,3008,001D5CEC,0,1,1,4294967295,0,0
colizao,2080,3008,001E6CFE,0,1,1,4294967295,0,0
colizao,2112,3040,0015E0BA,0,1,1,4294967295,0,0
colizao,2144,3040,0026479C,0,1,1,4294967295,0,0
colizao,2176,3040,002DD62C,0,1,1,4294967295,0,0
colizao,2208,3040,003E2702,0,1,1,4294967295,0,0
colizao,2208,3072,00069602,0,1,1,4294967295,0,0
colizao,2240,3072,0002D9A1,0,1,1,4294967295,0,0
colizao,2272,3072,003F3A85,0,1,1,4294967295,0,0
colizao,2272,3104,002849DE,0,1,1,4294967295,0,0
colizao,2336,3136,00342173,0,1,1,4294967295,0,0
colizao,2368,3136,00003405,0,1,1,4294967295,0,0
colizao,2400,3136,002D941C,0,1,1,4294967295,0,0
colizao,2432,3136,000A7FBC,0,1,1,4294967295,0,0
colizao,2464,3136,0013A858,0,1,1,4294967295,0,0
colizao,2496,3136,00374F66,0,1,1,4294967295,0,0
colizao,2528,3136,0021EC82,0,1,1,4294967295,0,0
colizao,2560,3136,0040359B,0,1,1,4294967295,0,0
colizao,2592,3136,00268A32,0,1,1,4294967295,0,0
colizao,2592,3104,003C1B51,0,1,1,4294967295,0,0
colizao,2624,3104,0003FD05,0,1,1,4294967295,0,0
colizao,2624,3072,0008B66E,0,1,1,4294967295,0,0
colizao,2624,3040,003A23CE,0,1,1,4294967295,0,0
colizao,2624,3008,00031150,0,1,1,4294967295,0,0
colizao,2624,2976,003DE7F0,0,1,1,4294967295,0,0
colizao,2624,2944,00145E8E,0,1,1,4294967295,0,0
colizao,2624,2912,00084940,0,1,1,4294967295,0,0
colizao,2624,2880,001C59DA,0,1,1,4294967295,0,0
colizao,2624,2848,002CEA3F,0,1,1,4294967295,0,0
colizao,2592,2848,003A38C9,0,1,1,4294967295,0,0
colizao,2560,2848,003D4112,0,1,1,4294967295,0,0
colizao,2528,2848,002643FF,0,1,1,4294967295,0,0
colizao,2496,2848,0034AB23,0,1,1,4294967295,0,0
colizao,2432,2848,00099BC4,0,1,1,4294967295,0,0
colizao,2400,2848,0036270F,0,1,1,4294967295,0,0
colizao,2368,2848,002F5343,0,1,1,4294967295,0,0
colizao,2336,2848,002C095C,0,1,1,4294967295,0,0
colizao,2368,2848,003084A6,0,1,1,4294967295,0,0
colizao,2400,2848,00274915,0,1,1,4294967295,0,0
colizao,2432,2848,00054D43,0,1,1,4294967295,0,0
colizao,2464,2848,00392FAA,0,1,1,4294967295,0,0
colizao,2304,2848,003CB0EA,0,1,1,4294967295,0,0
colizao,2272,2848,00190D17,0,1,1,4294967295,0,0
colizao,2240,2848,0008481D,0,1,1,4294967295,0,0
colizao,2208,2848,00379812,0,1,1,4294967295,0,0
colizao,2144,2784,001AB4A4,0,1,1,4294967295,0,0
colizao,2112,2784,00072AF7,0,1,1,4294967295,0,0
colizao,2112,2752,0020F514,0,1,1,4294967295,0,0
colizao,2080,2752,0019B7C6,0,1,1,4294967295,0,0
colizao,2080,2720,00385BD2,0,1,1,4294967295,0,0
colizao,2048,2720,0038351F,0,1,1,4294967295,0,0
colizao,2016,2720,0010BCEE,0,1,1,4294967295,0,0
colizao,2016,2688,0003EC36,0,1,1,4294967295,0,0
colizao,1984,2688,00050987,0,1,1,4294967295,0,0
colizao,1984,2656,0032A5D0,0,1,1,4294967295,0,0
colizao,1952,2656,001D9290,0,1,1,4294967295,0,0
colizao,1920,2656,002FB9F4,0,1,1,4294967295,0,0
colizao,1920,2624,002102AC,0,1,1,4294967295,0,0
colizao,1888,2624,000A9A4F,0,1,1,4294967295,0,0
colizao,1856,2624,002A53AF,0,1,1,4294967295,0,0
colizao,1856,2592,0035F0ED,0,1,1,4294967295,0,0
colizao,1824,2592,000D84DE,0,1,1,4294967295,0,0
colizao,1824,2560,000AC8D7,0,1,1,4294967295,0,0
colizao,1792,2560,0021F355,0,1,1,4294967295,0,0
colizao,1792,2528,00316FA5,0,1,1,4294967295,0,0
colizao,1760,2528,00125EFC,0,1,1,4294967295,0,0
colizao,1728,2528,00113172,0,1,1,4294967295,0,0
colizao,1728,2496,0026B187,0,1,1,4294967295,0,0
colizao,1696,2496,003598DB,0,1,1,4294967295,0,0
colizao,2144,2784,000BE6DC,0,1,1,4294967295,0,0
colizao,2176,2784,00081BEF,0,1,1,4294967295,0,0
colizao,2176,2816,0007D410,0,1,1,4294967295,0,0
colizao,2208,2816,0029C9C5,0,1,1,4294967295,0,0
colizao,1664,2496,0031F22E,0,1,1,4294967295,0,0
colizao,1632,2464,0030F259,0,1,1,4294967295,0,0
colizao,1600,2464,00133333,0,1,1,4294967295,0,0
colizao,1600,2432,0028F3AC,0,1,1,4294967295,0,0
colizao,1568,2432,002EBD86,0,1,1,4294967295,0,0
colizao,1536,2432,00069964,0,1,1,4294967295,0,0
colizao,1504,2432,00221D8E,0,1,1,4294967295,0,0
colizao,1504,2400,0012DF73,0,1,1,4294967295,0,0
colizao,1472,2400,0034DD59,0,1,1,4294967295,0,0
colizao,1472,2368,00132344,0,1,1,4294967295,0,0
colizao,1440,2368,00182883,0,1,1,4294967295,0,0
colizao,1408,2368,00100FA7,0,1,1,4294967295,0,0
colizao,1408,2336,000AB844,0,1,1,4294967295,0,0
colizao,1376,2336,0022D4E5,0,1,1,4294967295,0,0
colizao,1344,2336,002A8C5A,0,1,1,4294967295,0,0
colizao,1344,2304,0020B820,0,1,1,4294967295,0,0
colizao,1312,2304,00126735,0,1,1,4294967295,0,0
colizao,1280,2304,001EA492,0,1,1,4294967295,0,0
colizao,1248,2272,0023EE73,0,1,1,4294967295,0,0
colizao,1216,2272,003328A7,0,1,1,4294967295,0,0
colizao,1216,2240,001F88AF,0,1,1,4294967295,0,0
colizao,1184,2240,003D6DE6,0,1,1,4294967295,0,0
colizao,1152,2240,002D1C37,0,1,1,4294967295,0,0
colizao,1120,2208,003B5CDB,0,1,1,4294967295,0,0
colizao,1088,2208,0035B3D7,0,1,1,4294967295,0,0
colizao,1088,2176,002F260D,0,1,1,4294967295,0,0
colizao,1056,2176,0010A49A,0,1,1,4294967295,0,0
colizao,1056,2144,000C6B9A,0,1,1,4294967295,0,0
colizao,1024,2144,0013AE93,0,1,1,4294967295,0,0
colizao,1024,2112,002BF891,0,1,1,4294967295,0,0
colizao,992,2112,002D1CAC,0,1,1,4294967295,0,0
colizao,960,2112,002B1633,0,1,1,4294967295,0,0
colizao,928,2112,001C665C,0,1,1,4294967295,0,0
colizao,928,2080,0039FC11,0,1,1,4294967295,0,0
colizao,896,2080,00282FD9,0,1,1,4294967295,0,0
colizao,864,2080,000C5563,0,1,1,4294967295,0,0
colizao,864,2048,000BFC0F,0,1,1,4294967295,0,0
colizao,832,2048,002CA80D,0,1,1,4294967295,0,0
colizao,800,2048,00014458,0,1,1,4294967295,0,0
colizao,800,2016,0008D0A3,0,1,1,4294967295,0,0
colizao,768,2016,000CDB34,0,1,1,4294967295,0,0
colizao,736,2016,00147D87,0,1,1,4294967295,0,0
colizao,736,1984,00105380,0,1,1,4294967295,0,0
colizao,704,1984,003D9115,0,1,1,4294967295,0,0
colizao,672,1984,0017E946,0,1,1,4294967295,0,0
colizao,640,1984,00264833,0,1,1,4294967295,0,0
colizao,640,1952,00374441,0,1,1,4294967295,0,0
colizao,608,1952,001A6B1E,0,1,1,4294967295,0,0
colizao,576,1920,00064C1C,0,1,1,4294967295,0,0
colizao,544,1920,00108BCB,0,1,1,4294967295,0,0
colizao,544,1888,003AAEB2,0,1,1,4294967295,0,0
colizao,512,1888,0032ACF1,0,1,1,4294967295,0,0
colizao,480,1888,00333B87,0,1,1,4294967295,0,0
colizao,480,1856,002C70ED,0,1,1,4294967295,0,0
colizao,512,1856,00381DD6,0,1,1,4294967295,0,0
colizao,544,1856,000D2535,0,1,1,4294967295,0,0
colizao,576,1824,0025E491,0,1,1,4294967295,0,0
colizao,576,1856,001160D2,0,1,1,4294967295,0,0
colizao,608,1856,003A2ADA,0,1,1,4294967295,0,0
colizao,608,1824,00285C6F,0,1,1,4294967295,0,0
colizao,640,1824,00054F38,0,1,1,4294967295,0,0
colizao,672,1824,002DEF8B,0,1,1,4294967295,0,0
colizao,704,1824,00269FD8,0,1,1,4294967295,0,0
colizao,704,1792,00087B63,0,1,1,4294967295,0,0
colizao,736,1792,0038A562,0,1,1,4294967295,0,0
colizao,768,1792,0014B30E,0,1,1,4294967295,0,0
colizao,768,1760,003E92A3,0,1,1,4294967295,0,0
colizao,800,1760,00142A4E,0,1,1,4294967295,0,0
colizao,832,1760,000D076E,0,1,1,4294967295,0,0
colizao,832,1728,0014EF84,0,1,1,4294967295,0,0
colizao,864,1728,002294FE,0,1,1,4294967295,0,0
colizao,896,1728,001A2756,0,1,1,4294967295,0,0
colizao,928,1728,0006CEC6,0,1,1,4294967295,0,0
colizao,928,1696,000DA6E4,0,1,1,4294967295,0,0
colizao,960,1696,00151E23,0,1,1,4294967295,0,0
colizao,992,1696,0006251C,0,1,1,4294967295,0,0
colizao,1024,1696,003E161D,0,1,1,4294967295,0,0
colizao,1024,1664,002FFDBB,0,1,1,4294967295,0,0
colizao,1056,1664,00175C1D,0,1,1,4294967295,0,0
colizao,1088,1664,003135E5,0,1,1,4294967295,0,0
colizao,1088,1632,000B3F06,0,1,1,4294967295,0,0
colizao,1120,1632,000D1E4E,0,1,1,4294967295,0,0
colizao,1152,1632,001F7D9C,0,1,1,4294967295,0,0
colizao,1184,1632,0030F9F5,0,1,1,4294967295,0,0
colizao,1184,1600,000208E6,0,1,1,4294967295,0,0
colizao,1216,1600,002BA5A9,0,1,1,4294967295,0,0
colizao,1248,1600,002C77D4,0,1,1,4294967295,0,0
colizao,1280,1600,00132535,0,1,1,4294967295,0,0
colizao,1280,1568,00269FDC,0,1,1,4294967295,0,0
colizao,1312,1568,0022A01B,0,1,1,4294967295,0,0
colizao,1344,1568,0038E0E0,0,1,1,4294967295,0,0
colizao,1344,1536,001CF340,0,1,1,4294967295,0,0
colizao,1376,1536,0017AB8B,0,1,1,4294967295,0,0
colizao,1408,1536,00118946,0,1,1,4294967295,0,0
colizao,1408,1504,001B9886,0,1,1,4294967295,0,0
colizao,1440,1504,0026A7A6,0,1,1,4294967295,0,0
colizao,1472,1504,00027374,0,1,1,4294967295,0,0
colizao,1504,1504,002791B8,0,1,1,4294967295,0,0
colizao,1536,1504,00130811,0,1,1,4294967295,0,0
colizao,1536,1472,00097E57,0,1,1,4294967295,0,0
colizao,1568,1472,0025E082,0,1,1,4294967295,0,0
colizao,1600,1472,001A94BD,0,1,1,4294967295,0,0
colizao,1632,1472,002E5AAB,0,1,1,4294967295,0,0
colizao,1664,1472,003FA978,0,1,1,4294967295,0,0
colizao,1696,1472,001EB9FC,0,1,1,4294967295,0,0
colizao,1696,1440,00016A28,0,1,1,4294967295,0,0
colizao,1728,1440,002C088C,0,1,1,4294967295,0,0
colizao,1760,1440,00250B5A,0,1,1,4294967295,0,0
colizao,1792,1440,000A37F1,0,1,1,4294967295,0,0
colizao,1824,1440,00087573,0,1,1,4294967295,0,0
colizao,1824,1408,001BDEF6,0,1,1,4294967295,0,0
colizao,1856,1408,001B13A4,0,1,1,4294967295,0,0
colizao,1888,1408,003EC587,0,1,1,4294967295,0,0
colizao,1888,1376,002E4258,0,1,1,4294967295,0,0
colizao,1920,1376,00050D84,0,1,1,4294967295,0,0
colizao,1952,1376,003E438E,0,1,1,4294967295,0,0
colizao,1984,1376,0016B9A4,0,1,1,4294967295,0,0
colizao,2016,1376,001F8E8C,0,1,1,4294967295,0,0
colizao,2016,1344,003AF5ED,0,1,1,4294967295,0,0
colizao,2048,1344,0009FEA5,0,1,1,4294967295,0,0
colizao,2080,1344,0038AAE2,0,1,1,4294967295,0,0
colizao,2112,1344,000C95AF,0,1,1,4294967295,0,0
colizao,2112,1312,0026BD97,0,1,1,4294967295,0,0
colizao,2144,1312,000C5486,0,1,1,4294967295,0,0
colizao,2176,1312,002E5E26,0,1,1,4294967295,0,0
colizao,2208,1312,002D4FD4,0,1,1,4294967295,0,0
colizao,2240,1312,0024956B,0,1,1,4294967295,0,0
colizao,2240,1280,003F7C2E,0,1,1,4294967295,0,0
colizao,2272,1280,000C1E8A,0,1,1,4294967295,0,0
colizao,2304,1280,00356F0A,0,1,1,4294967295,0,0
colizao,2304,1248,0022C01D,0,1,1,4294967295,0,0
colizao,2336,1248,0038A8A7,0,1,1,4294967295,0,0
colizao,2368,1248,003EA0B1,0,1,1,4294967295,0,0
colizao,2368,1216,002E7DC1,0,1,1,4294967295,0,0
colizao,2400,1216,00366EB6,0,1,1,4294967295,0,0
colizao,2432,1216,002AB665,0,1,1,4294967295,0,0
colizao,2464,1216,00286940,0,1,1,4294967295,0,0
colizao,2464,1184,003E748C,0,1,1,4294967295,0,0
colizao,2496,1184,00281337,0,1,1,4294967295,0,0
colizao,2528,1184,001D43A5,0,1,1,4294967295,0,0
colizao,2560,1184,000A70BD,0,1,1,4294967295,0,0
colizao,2560,1152,00073DE5,0,1,1,4294967295,0,0
colizao,2592,1152,0023C4D5,0,1,1,4294967295,0,0
colizao,2624,1152,0025F064,0,1,1,4294967295,0,0
colizao,2656,1120,00361FBC,0,1,1,4294967295,0,0
colizao,2688,1120,003421F8,0,1,1,4294967295,0,0
colizao,2720,1088,003BEEE2,0,1,1,4294967295,0,0
colizao,2720,1056,00336425,0,1,1,4294967295,0,0
colizao,2752,1024,003BED9F,0,1,1,4294967295,0,0
colizao,2784,1024,0031D865,0,1,1,4294967295,0,0
colizao,2784,992,000F8C8D,0,1,1,4294967295,0,0
colizao,2816,992,003E997E,0,1,1,4294967295,0,0
colizao,2816,960,00269FCC,0,1,1,4294967295,0,0
colizao,2816,928,0000CDB1,0,1,1,4294967295,0,0
colizao,2784,928,0008BE04,0,1,1,4294967295,0,0
colizao,2784,896,00402B25,0,1,1,4294967295,0,0
colizao,2752,896,002F7831,0,1,1,4294967295,0,0
colizao,2752,864,00007439,0,1,1,4294967295,0,0
colizao,2720,864,001D7CF2,0,1,1,4294967295,0,0
colizao,2688,864,000F46DB,0,1,1,4294967295,0,0
colizao,2656,864,00295A9F,0,1,1,4294967295,0,0
colizao,2624,864,003510A9,0,1,1,4294967295,0,0
colizao,2624,832,0013EE91,0,1,1,4294967295,0,0
colizao,2592,864,002FBBDC,0,1,1,4294967295,0,0
colizao,2560,864,00320FC6,0,1,1,4294967295,0,0
colizao,2528,864,0016565D,0,1,1,4294967295,0,0
colizao,2496,864,000853BB,0,1,1,4294967295,0,0
colizao,2464,864,00056531,0,1,1,4294967295,0,0
colizao,2432,864,001AB14D,0,1,1,4294967295,0,0
colizao,2432,832,000F608B,0,1,1,4294967295,0,0
colizao,2400,832,000AB9FD,0,1,1,4294967295,0,0
colizao,2368,832,003F3ADF,0,1,1,4294967295,0,0
colizao,2336,832,0002DBB0,0,1,1,4294967295,0,0
colizao,2304,832,003D583C,0,1,1,4294967295,0,0
colizao,2304,800,0034A56E,0,1,1,4294967295,0,0
colizao,2272,800,001B482B,0,1,1,4294967295,0,0
colizao,2240,800,0017F258,0,1,1,4294967295,0,0
colizao,2208,800,0021A465,0,1,1,4294967295,0,0
colizao,2208,768,0026CB2D,0,1,1,4294967295,0,0
colizao,2176,768,000A3D16,0,1,1,4294967295,0,0
colizao,2144,768,00243D60,0,1,1,4294967295,0,0
colizao,2144,736,003FC5AB,0,1,1,4294967295,0,0
colizao,2112,736,00374E36,0,1,1,4294967295,0,0
colizao,2080,736,000098B5,0,1,1,4294967295,0,0
colizao,2048,704,0035C9E2,0,1,1,4294967295,0,0
colizao,2016,704,002A12C9,0,1,1,4294967295,0,0
colizao,2016,672,00195F33,0,1,1,4294967295,0,0
colizao,1984,672,001CDC26,0,1,1,4294967295,0,0
colizao,1984,640,00253FFC,0,1,1,4294967295,0,0
colizao,1952,640,001B7A96,0,1,1,4294967295,0,0
colizao,1952,608,0029D473,0,1,1,4294967295,0,0
colizao,1920,608,00228415,0,1,1,4294967295,0,0
colizao,1920,576,0035041B,0,1,1,4294967295,0,0
colizao,1888,576,003587D3,0,1,1,4294967295,0,0
colizao,1888,544,003D8BB8,0,1,1,4294967295,0,0
colizao,1856,544,0013447D,0,1,1,4294967295,0,0
colizao,1856,512,0034DF1B,0,1,1,4294967295,0,0
colizao,1824,512,000358AC,0,1,1,4294967295,0,0
colizao,1792,512,003E81B7,0,1,1,4294967295,0,0
colizao,1760,512,0039023E,0,1,1,4294967295,0,0
colizao,1760,480,00216DE4,0,1,1,4294967295,0,0
colizao,1728,480,00399BA2,0,1,1,4294967295,0,0
colizao,1696,480,0016A8EE,0,1,1,4294967295,0,0
colizao,1664,480,003CF803,0,1,1,4294967295,0,0
colizao,1632,480,003121A7,0,1,1,4294967295,0,0
colizao,1632,448,00123A92,0,1,1,4294967295,0,0
colizao,1600,448,00287E31,0,1,1,4294967295,0,0
colizao,1568,448,00073C75,0,1,1,4294967295,0,0
colizao,1568,416,00222232,0,1,1,4294967295,0,0
colizao,1536,416,000A04DC,0,1,1,4294967295,0,0
colizao,1504,416,002E87B3,0,1,1,4294967295,0,0
colizao,1472,416,003C1D08,0,1,1,4294967295,0,0
colizao,1472,384,00375C8E,0,1,1,4294967295,0,0
colizao,1440,384,0009E380,0,1,1,4294967295,0,0
colizao,1440,352,00304A64,0,1,1,4294967295,0,0
colizao,1408,352,0032076A,0,1,1,4294967295,0,0
colizao,1408,320,000CE341,0,1,1,4294967295,0,0
colizao,1376,320,001BC768,0,1,1,4294967295,0,0
colizao,1344,320,00381AEA,0,1,1,4294967295,0,0
colizao,1312,320,0029832B,0,1,1,4294967295,0,0
colizao,1312,288,000D6D16,0,1,1,4294967295,0,0
colizao,1280,288,0035A142,0,1,1,4294967295,0,0
colizao,1248,288,003E10FC,0,1,1,4294967295,0,0
colizao,1248,256,002A56CE,0,1,1,4294967295,0,0
colizao,1216,256,002951E1,0,1,1,4294967295,0,0
colizao,1184,256,00050001,0,1,1,4294967295,0,0
colizao,1184,224,002BB01F,0,1,1,4294967295,0,0
colizao,1152,224,0016A8B1,0,1,1,4294967295,0,0
colizao,1120,224,00247296,0,1,1,4294967295,0,0
colizao,1088,224,00268831,0,1,1,4294967295,0,0
colizao,1088,192,00234FA2,0,1,1,4294967295,0,0
colizao,1056,192,000F2B1A,0,1,1,4294967295,0,0
colizao,1024,192,002A6CEF,0,1,1,4294967295,0,0
colizao,992,160,00218352,0,1,1,4294967295,0,0
colizao,960,160,000D7357,0,1,1,4294967295,0,0
colizao,960,128,0008A342,0,1,1,4294967295,0,0
colizao,928,128,001259C2,0,1,1,4294967295,0,0
colizao,896,128,0012AA8F,0,1,1,4294967295,0,0
colizao,896,96,001D2E43,0,1,1,4294967295,0,0
colizao,864,96,002018DB,0,1,1,4294967295,0,0
colizao,864,64,0011C0CA,0,1,1,4294967295,0,0
colizao,832,64,001FA8F6,0,1,1,4294967295,0,0
colizao,800,64,00103802,0,1,1,4294967295,0,0
colizao,800,32,0030BA4C,0,1,1,4294967295,0,0
colizao,768,32,002A0C90,0,1,1,4294967295,0,0
colizao,736,32,0018EFB8,0,1,1,4294967295,0,0
colizao,704,32,002A1269,0,1,1,4294967295,0,0
colizao,704,0,0038B68A,0,1,1,4294967295,0,0
colizao,672,0,0011DFB4,0,1,1,4294967295,0,0
colizao,640,0,002D3FFD,0,1,1,4294967295,0,0
colizao,608,0,00085C70,0,1,1,4294967295,0,0
colizao,288,32,001378DB,0,1,1,4294967295,0,0
colizao,256,32,001B29FD,0,1,1,4294967295,0,0
colizao,224,32,00316BA0,0,1,1,4294967295,0,0
colizao,192,32,00364762,0,1,1,4294967295,0,0
colizao,128,32,000E016B,0,1,1,4294967295,0,0
colizao,96,32,002BCDC3,0,1,1,4294967295,0,0
colizao,64,32,0014B94F,0,1,1,4294967295,0,0
colizao,32,32,00069CB0,0,1,1,4294967295,0,0
colizao,0,32,003C1763,0,1,1,4294967295,0,0
colizao,32,32,000FF2BA,0,1,1,4294967295,0,0
colizao,64,32,0016F3CF,0,1,1,4294967295,0,0
colizao,96,32,002FC5FA,0,1,1,4294967295,0,0
colizao,128,32,00319512,0,1,1,4294967295,0,0
colizao,160,32,0006A9CF,0,1,1,4294967295,0,0
Cavalier_OBJ,416,0,001FD0FF,0,1,1,4294967295,0,0
chegada,2592,3072,000D6CB7,0,1,1,4294967295,0,0
chegada,2464,2880,0017076C,0,1,1,4294967295,0,0
chegada,2496,2880,000E3BC0,0,1,1,4294967295,0,0
chegada,2528,2880,001CCD7A,0,1,1,4294967295,0,0
chegada,2560,2880,0002616B,0,1,1,4294967295,0,0
chegada,2592,2880,00012D1F,0,1,1,4294967295,0,0
chegada,2592,2912,000979B7,0,1,1,4294967295,0,0
chegada,2592,2944,00170801,0,1,1,4294967295,0,0
chegada,2592,2976,002FFC23,0,1,1,4294967295,0,0
chegada,2592,3008,00091C80,0,1,1,4294967295,0,0
chegada,2592,3040,0024648E,0,1,1,4294967295,0,0
chegada,2560,3040,00041FE3,0,1,1,4294967295,0,0
chegada,2560,3072,0017117C,0,1,1,4294967295,0,0
chegada,2496,3072,002EFDE8,0,1,1,4294967295,0,0
chegada,2432,3104,002DBA2D,0,1,1,4294967295,0,0
chegada,2464,3072,002602DA,0,1,1,4294967295,0,0
chegada,2432,2912,000275E8,0,1,1,4294967295,0,0
chegada,2432,2944,002278B5,0,1,1,4294967295,0,0
chegada,2400,2976,002EF60F,0,1,1,4294967295,0,0
chegada,2400,3008,001A93FD,0,1,1,4294967295,0,0
chegada,2400,3040,0025813A,0,1,1,4294967295,0,0
chegada,2400,3072,001D21EC,0,1,1,4294967295,0,0
chegada,2432,3072,0017597E,0,1,1,4294967295,0,0
chegada,2432,3040,001208E3,0,1,1,4294967295,0,0
chegada,2432,3008,0030A5D7,0,1,1,4294967295,0,0
chegada,2464,3008,0006D237,0,1,1,4294967295,0,0
chegada,2496,3008,0022D559,0,1,1,4294967295,0,0
chegada,2528,3008,002A854D,0,1,1,4294967295,0,0
chegada,2560,3008,002C037F,0,1,1,4294967295,0,0
chegada,2560,2976,0032939D,0,1,1,4294967295,0,0
chegada,2560,2944,0031D580,0,1,1,4294967295,0,0
chegada,2560,2912,0006481E,0,1,1,4294967295,0,0
chegada,2464,2912,00344B70,0,1,1,4294967295,0,0
chegada,2464,2944,000B11CF,0,1,1,4294967295,0,0
chegada,2464,2976,001B3336,0,1,1,4294967295,0,0
chegada,2496,2976,0000F74F,0,1,1,4294967295,0,0
chegada,2528,2976,000A01AB,0,1,1,4294967295,0,0
chegada,2528,2944,001F9EAF,0,1,1,4294967295,0,0
chegada,2496,2944,000E4981,0,1,1,4294967295,0,0
chegada,2432,2976,0032C8F3,0,1,1,4294967295,0,0
chegada,2464,3040,00341007,0,1,1,4294967295,0,0
chegada,2496,3040,00045ECD,0,1,1,4294967295,0,0
chegada,2528,3040,002B387C,0,1,1,4294967295,0,0
chegada,2528,3072,0007A140,0,1,1,4294967295,0,0
chegada,2560,3104,003FB172,0,1,1,4294967295,0,0
chegada,2528,3104,0019A03D,0,1,1,4294967295,0,0
chegada,2496,3104,0009248E,0,1,1,4294967295,0,0
chegada,2464,3104,003F30B2,0,1,1,4294967295,0,0
chegada,2496,2912,00034904,0,1,1,4294967295,0,0
chegada,2528,2912,000D5AFC,0,1,1,4294967295,0,0
chegada,2528,2944,0033B6DE,0,1,1,4294967295,0,0
chegada,2528,2976,00311A86,0,1,1,4294967295,0,0
chegada,2528,3008,000EDE6C,0,1,1,4294967295,0,0
chegada,2528,3040,00087BFB,0,1,1,4294967295,0,0
chegada,2528,3072,0030CFB1,0,1,1,4294967295,0,0
chegada,2496,3072,001300E0,0,1,1,4294967295,0,0
chegada,2528,3072,0007D840,0,1,1,4294967295,0,0
chegada,2560,3072,003E326A,0,1,1,4294967295,0,0
chegada,2592,3072,003D6D95,0,1,1,4294967295,0,0
chegada,2560,3040,003A83E2,0,1,1,4294967295,0,0
chegada,2592,3040,00049EAA,0,1,1,4294967295,0,0
chegada,2464,3040,0029B219,0,1,1,4294967295,0,0
chegada,2496,3040,00317767,0,1,1,4294967295,0,0
chegada,2464,3072,00315D98,0,1,1,4294967295,0,0
chegada,2496,3008,0001AF81,0,1,1,4294967295,0,0
chegada,2464,3008,00185609,0,1,1,4294967295,0,0
chegada,2464,2976,00167B77,0,1,1,4294967295,0,0
chegada,2496,2976,0001471C,0,1,1,4294967295,0,0
chegada,2496,2944,0022253A,0,1,1,4294967295,0,0
chegada,2464,2944,0025B98E,0,1,1,4294967295,0,0
chegada,2560,2944,0005B09B,0,1,1,4294967295,0,0
chegada,2560,2944,0026ACC4,0,1,1,4294967295,0,0
chegada,2592,2944,00390186,0,1,1,4294967295,0,0
chegada,2592,2976,0028AE16,0,1,1,4294967295,0,0
chegada,2592,3008,00353BFC,0,1,1,4294967295,0,0
chegada,2560,2976,002D34B1,0,1,1,4294967295,0,0
chegada,2560,2976,002BFA82,0,1,1,4294967295,0,0
chegada,2560,3008,001B8A7D,0,1,1,4294967295,0,0
chegada,2368,3104,00185511,0,1,1,4294967295,0,0
chegada,2336,3104,002914C7,0,1,1,4294967295,0,0
chegada,2304,3104,0032539E,0,1,1,4294967295,0,0
chegada,2304,3072,00114A3B,0,1,1,4294967295,0,0
chegada,2336,3072,002616CA,0,1,1,4294967295,0,0
chegada,2336,3040,000E3766,0,1,1,4294967295,0,0
chegada,2336,3008,001901A6,0,1,1,4294967295,0,0
chegada,2336,2976,001D5FD9,0,1,1,4294967295,0,0
chegada,2336,2944,002DE02A,0,1,1,4294967295,0,0
chegada,2368,2944,002D0520,0,1,1,4294967295,0,0
chegada,2368,2912,003FBD4F,0,1,1,4294967295,0,0
chegada,2400,2880,002CC969,0,1,1,4294967295,0,0
chegada,2432,2880,00013675,0,1,1,4294967295,0,0
chegada,2400,2912,00279ECA,0,1,1,4294967295,0,0
chegada,2400,2944,003452E0,0,1,1,4294967295,0,0
chegada,2368,2976,001EE8B9,0,1,1,4294967295,0,0
chegada,2368,3008,00268A85,0,1,1,4294967295,0,0
chegada,2368,3040,00149021,0,1,1,4294967295,0,0
chegada,2368,3072,003520DB,0,1,1,4294967295,0,0
chegada,2400,3104,001FB793,0,1,1,4294967295,0,0
chegada,2368,2880,0032CCB0,0,1,1,4294967295,0,0
chegada,2336,2880,003392DE,0,1,1,4294967295,0,0
chegada,2336,2912,00154E7E,0,1,1,4294967295,0,0
chegada,2304,3040,002E7F7C,0,1,1,4294967295,0,0
chegada,2304,3008,002B324F,0,1,1,4294967295,0,0
chegada,2304,2976,0039ED61,0,1,1,4294967295,0,0
chegada,2304,2912,001B872C,0,1,1,4294967295,0,0
Player_Horse,768,192,003ECD6F,0,1,1,4294967295,0,0
Speed_Radar_Silesia,1056,320,0024D546,0,1,1,4294967295,0,0
Speed_Radar_Silesia,2208,896,001F8E73,0,1,1,4294967295,0,0
Speed_Radar_Silesia,1728,1344,001A0AC4,0,1,1,4294967295,0,0
Speed_Radar_Silesia,704,1696,000193B1,0,1,1,4294967295,0,0
Speed_Radar_Silesia,1088,2304,002F7753,0,1,1,4294967295,0,0
Speed_Radar_Silesia,1824,2720,002156CE,0,1,1,4294967295,0,0
