colizao,336,48,0008ED66,0,1,1,4294967295,0,0
colizao,352,64,0035319C,0,1,1,4294967295,0,0
colizao,368,80,000E7028,0,1,1,4294967295,0,0
colizao,384,96,001652B7,0,1,1,4294967295,0,0
colizao,400,112,002BB7A9,0,1,1,4294967295,0,0
colizao,432,112,00188DB2,0,1,1,4294967295,0,0
colizao,448,128,001BE646,0,1,1,4294967295,0,0
colizao,464,144,00158BDC,0,1,1,4294967295,0,0
colizao,496,144,00377B5E,0,1,1,4294967295,0,0
colizao,512,160,003D296D,0,1,1,4294967295,0,0
colizao,528,176,00251E5F,0,1,1,4294967295,0,0
colizao,544,192,000E894D,0,1,1,4294967295,0,0
colizao,576,192,000E440B,0,1,1,4294967295,0,0
colizao,608,192,0007F916,0,1,1,4294967295,0,0
colizao,608,224,00180385,0,1,1,4294967295,0,0
colizao,640,224,000BC1C3,0,1,1,4294967295,0,0
colizao,640,256,0027D697,0,1,1,4294967295,0,0
colizao,672,256,003AED3D,0,1,1,4294967295,0,0
colizao,704,288,000164C8,0,1,1,4294967295,0,0
colizao,736,288,000BAF70,0,1,1,4294967295,0,0
colizao,768,288,0005333B,0,1,1,4294967295,0,0
colizao,768,320,001FDCB1,0,1,1,4294967295,0,0
colizao,800,320,003C861B,0,1,1,4294967295,0,0
colizao,832,352,001C4902,0,1,1,4294967295,0,0
colizao,864,352,00176DDC,0,1,1,4294967295,0,0
colizao,896,352,00402291,0,1,1,4294967295,0,0
colizao,896,384,00179735,0,1,1,4294967295,0,0
colizao,928,384,000D4046,0,1,1,4294967295,0,0
colizao,928,416,00255C38,0,1,1,4294967295,0,0
colizao,960,416,0031A59F,0,1,1,4294967295,0,0
colizao,992,416,0029FB9F,0,1,1,4294967295,0,0
colizao,992,448,002C737E,0,1,1,4294967295,0,0
colizao,1024,448,000FF370,0,1,1,4294967295,0,0
colizao,1024,480,0014A9A7,0,1,1,4294967295,0,0
colizao,1056,480,0002A9F6,0,1,1,4294967295,0,0
colizao,1088,480,000B0B20,0,1,1,4294967295,0,0
colizao,1088,512,0022BA2E,0,1,1,4294967295,0,0
colizao,1120,512,0022A912,0,1,1,4294967295,0,0
colizao,1152,512,001BF732,0,1,1,4294967295,0,0
colizao,1184,512,0010803B,0,1,1,4294967295,0,0
colizao,1184,544,003DBEE9,0,1,1,4294967295,0,0
colizao,1216,544,000C8D02,0,1,1,4294967295,0,0
colizao,1248,544,003840ED,0,1,1,4294967295,0,0
colizao,1248,576,00351EAF,0,1,1,4294967295,0,0
colizao,1280,576,001638FD,0,1,1,4294967295,0,0
colizao,1312,576,00119170,0,1,1,4294967295,0,0
colizao,1312,608,001CEF02,0,1,1,4294967295,0,0
colizao,1344,608,001BFE5F,0,1,1,4294967295,0,0
colizao,1376,608,001A923E,0,1,1,4294967295,0,0
colizao,1696,800,0037B281,0,1,1,4294967295,0,0
colizao,1728,800,0036A222,0,1,1,4294967295,0,0
colizao,1728,832,0011EE37,0,1,1,4294967295,0,0
colizao,1760,832,0016BE97,0,1,1,4294967295,0,0
colizao,1408,608,003CC1E3,0,1,1,4294967295,0,0
colizao,1408,640,001130D9,0,1,1,4294967295,0,0
colizao,1440,640,0032D216,0,1,1,4294967295,0,0
colizao,1440,672,00395EDE,0,1,1,4294967295,0,0
colizao,1472,672,0023235A,0,1,1,4294967295,0,0
colizao,1504,704,000C4129,0,1,1,4294967295,0,0
colizao,1536,704,0008B202,0,1,1,4294967295,0,0
colizao,1536,736,001156C8,0,1,1,4294967295,0,0
colizao,1568,736,002D6F42,0,1,1,4294967295,0,0
colizao,1600,736,000D1599,0,1,1,4294967295,0,0
colizao,1632,768,00002FBC,0,1,1,4294967295,0,0
colizao,1664,768,003F1013,0,1,1,4294967295,0,0
colizao,1664,800,003E1FC6,0,1,1,4294967295,0,0
colizao,1696,800,0028AAE8,0,1,1,4294967295,0,0
colizao,1728,800,001896C2,0,1,1,4294967295,0,0
colizao,1728,832,002647DB,0,1,1,4294967295,0,0
colizao,1760,832,0035591F,0,1,1,4294967295,0,0
colizao,1792,832,001194DC,0,1,1,4294967295,0,0
colizao,1824,864,00221D84,0,1,1,4294967295,0,0
colizao,1856,864,0004CB31,0,1,1,4294967295,0,0
colizao,1888,896,0022B895,0,1,1,4294967295,0,0
colizao,1920,896,0003E1B0,0,1,1,4294967295,0,0
colizao,1920,928,002D40B3,0,1,1,4294967295,0,0
colizao,1952,928,0031DDAC,0,1,1,4294967295,0,0
colizao,1984,928,00025DF8,0,1,1,4294967295,0,0
colizao,2016,928,0001BF96,0,1,1,4294967295,0,0
colizao,2016,960,001B960C,0,1,1,4294967295,0,0
colizao,2048,960,002DF343,0,1,1,4294967295,0,0
colizao,2080,960,000BB15F,0,1,1,4294967295,0,0
colizao,2080,992,00081A27,0,1,1,4294967295,0,0
colizao,2112,992,0037AF15,0,1,1,4294967295,0,0
colizao,2144,992,001DCAF9,0,1,1,4294967295,0,0
colizao,2176,992,002B52AD,0,1,1,4294967295,0,0
colizao,2208,992,0008AA3B,0,1,1,4294967295,0,0
colizao,2240,992,0027D031,0,1,1,4294967295,0,0
colizao,2240,1024,000385BC,0,1,1,4294967295,0,0
colizao,2208,1024,0007094B,0,1,1,4294967295,0,0
colizao,2208,1056,001C4368,0,1,1,4294967295,0,0
colizao,2176,1056,0033EA00,0,1,1,4294967295,0,0
colizao,2144,1056,0022C401,0,1,1,4294967295,0,0
colizao,2112,1056,0018BD06,0,1,1,4294967295,0,0
colizao,2112,1088,0038183E,0,1,1,4294967295,0,0
colizao,2080,1088,003BC6F3,0,1,1,4294967295,0,0
colizao,2048,1088,0020A920,0,1,1,4294967295,0,0
colizao,2016,1088,0028E813,0,1,1,4294967295,0,0
colizao,2016,1120,003E0056,0,1,1,4294967295,0,0
colizao,1984,1120,00202A1F,0,1,1,4294967295,0,0
colizao,1952,1120,00307806,0,1,1,4294967295,0,0
colizao,1920,1120,00304199,0,1,1,4294967295,0,0
colizao,1888,1120,0035945E,0,1,1,4294967295,0,0
colizao,1888,1152,00022E0F,0,1,1,4294967295,0,0
colizao,1856,1152,000A4A7B,0,1,1,4294967295,0,0
colizao,1824,1152,001E6393,0,1,1,4294967295,0,0
colizao,1824,1184,003FB965,0,1,1,4294967295,0,0
colizao,1792,1184,0023D746,0,1,1,4294967295,0,0
colizao,1760,1184,001FF89A,0,1,1,4294967295,0,0
colizao,1728,1184,0027E3B1,0,1,1,4294967295,0,0
colizao,1696,1216,002D1769,0,1,1,4294967295,0,0
colizao,1664,1216,0032BC0B,0,1,1,4294967295,0,0
colizao,1632,1216,002C561B,0,1,1,4294967295,0,0
colizao,1632,1248,000E8E6A,0,1,1,4294967295,0,0
colizao,1600,1248,00277961,0,1,1,4294967295,0,0
colizao,1568,1248,000B94EB,0,1,1,4294967295,0,0
colizao,1568,1280,002D4313,0,1,1,4294967295,0,0
colizao,1536,1280,002397BD,0,1,1,4294967295,0,0
colizao,1504,1280,0035B3C8,0,1,1,4294967295,0,0
colizao,1472,1280,003B1BB6,0,1,1,4294967295,0,0
colizao,1472,1312,003FD4E1,0,1,1,4294967295,0,0
colizao,1440,1312,0026DD96,0,1,1,4294967295,0,0
colizao,1408,1312,002B72B3,0,1,1,4294967295,0,0
colizao,1376,1312,0013EABE,0,1,1,4294967295,0,0
colizao,1376,1344,00137CF7,0,1,1,4294967295,0,0
colizao,1344,1344,003B0038,0,1,1,4294967295,0,0
colizao,1312,1344,00290736,0,1,1,4294967295,0,0
colizao,1280,1344,00318F7D,0,1,1,4294967295,0,0
colizao,1248,1344,0030CA13,0,1,1,4294967295,0,0
colizao,1248,1376,00061BAC,0,1,1,4294967295,0,0
colizao,1216,1376,00318BE7,0,1,1,4294967295,0,0
colizao,1184,1376,0012D4F0,0,1,1,4294967295,0,0
colizao,1152,1376,000C69F7,0,1,1,4294967295,0,0
colizao,1120,1408,0034FD3A,0,1,1,4294967295,0,0
colizao,1088,1408,00276BEE,0,1,1,4294967295,0,0
colizao,1088,1440,000CB4AF,0,1,1,4294967295,0,0
colizao,1056,1440,002C88B2,0,1,1,4294967295,0,0
colizao,1024,1440,00095E4C,0,1,1,4294967295,0,0
colizao,1024,1472,002DD579,0,1,1,4294967295,0,0
colizao,992,1472,002DCF4C,0,1,1,4294967295,0,0
colizao,960,1472,0003A1D9,0,1,1,4294967295,0,0
colizao,928,1472,001EF27E,0,1,1,4294967295,0,0
colizao,896,1472,0031D297,0,1,1,4294967295,0,0
colizao,896,1504,0029CF7D,0,1,1,4294967295,0,0
colizao,864,1504,00180750,0,1,1,4294967295,0,0
colizao,832,1504,00207914,0,1,1,4294967295,0,0
colizao,832,1536,001F0327,0,1,1,4294967295,0,0
colizao,800,1536,00054F3C,0,1,1,4294967295,0,0
colizao,768,1536,00134563,0,1,1,4294967295,0,0
colizao,736,1536,0015A46A,0,1,1,4294967295,0,0
colizao,704,1536,00279FF8,0,1,1,4294967295,0,0
colizao,704,1536,000F83A0,0,1,1,4294967295,0,0
colizao,704,1568,00270E75,0,1,1,4294967295,0,0
colizao,672,1568,003D95B3,0,1,1,4294967295,0,0
colizao,640,1568,00071BB9,0,1,1,4294967295,0,0
colizao,608,1568,00093CF1,0,1,1,4294967295,0,0
colizao,576,1568,0010C85E,0,1,1,4294967295,0,0
colizao,576,1600,001267B9,0,1,1,4294967295,0,0
colizao,544,1600,000757B8,0,1,1,4294967295,0,0
colizao,512,1600,002B03FE,0,1,1,4294967295,0,0
colizao,480,1600,003C3E3F,0,1,1,4294967295,0,0
colizao,448,1600,00058328,0,1,1,4294967295,0,0
colizao,416,1600,0014BAC3,0,1,1,4294967295,0,0
colizao,384,1600,000EF92D,0,1,1,4294967295,0,0
colizao,352,1600,00106213,0,1,1,4294967295,0,0
colizao,320,1600,00029312,0,1,1,4294967295,0,0
colizao,288,1600,000FA277,0,1,1,4294967295,0,0
colizao,256,1600,00194FA3,0,1,1,4294967295,0,0
colizao,256,1632,003424A9,0,1,1,4294967295,0,0
colizao,224,1632,001B98C0,0,1,1,4294967295,0,0
colizao,192,1632,001DA824,0,1,1,4294967295,0,0
colizao,192,1664,0000AC35,0,1,1,4294967295,0,0
colizao,160,1664,00171DD2,0,1,1,4294967295,0,0
colizao,128,1664,002B2034,0,1,1,4294967295,0,0
colizao,128,1696,00029910,0,1,1,4294967295,0,0
colizao,128,1728,0008727D,0,1,1,4294967295,0,0
colizao,128,1760,003CA647,0,1,1,4294967295,0,0
colizao,96,1760,002F82D2,0,1,1,4294967295,0,0
colizao,96,1792,00190E6D,0,1,1,4294967295,0,0
colizao,96,1824,000F9E6C,0,1,1,4294967295,0,0
colizao,128,1824,003C798F,0,1,1,4294967295,0,0
colizao,128,1856,00003E79,0,1,1,4294967295,0,0
colizao,128,1888,000E600E,0,1,1,4294967295,0,0
colizao,160,1888,003F4926,0,1,1,4294967295,0,0
colizao,160,1920,0037AC4E,0,1,1,4294967295,0,0
colizao,192,1920,00241542,0,1,1,4294967295,0,0
colizao,192,1952,000D7376,0,1,1,4294967295,0,0
colizao,224,1952,00327992,0,1,1,4294967295,0,0
colizao,224,1984,0022AA50,0,1,1,4294967295,0,0
colizao,256,1984,001A40C3,0,1,1,4294967295,0,0
colizao,256,2016,0004B4A7,0,1,1,4294967295,0,0
colizao,288,2016,00141902,0,1,1,4294967295,0,0
colizao,288,2048,0038B4A5,0,1,1,4294967295,0,0
colizao,320,2048,00066A81,0,1,1,4294967295,0,0
colizao,320,2080,00208137,0,1,1,4294967295,0,0
colizao,352,2080,0014EF45,0,1,1,4294967295,0,0
colizao,384,2080,000C5F62,0,1,1,4294967295,0,0
colizao,384,2112,0010D5B2,0,1,1,4294967295,0,0
colizao,448,2080,002C2D7C,0,1,1,4294967295,0,0
colizao,480,2112,0032F814,0,1,1,4294967295,0,0
colizao,512,2112,0024376E,0,1,1,4294967295,0,0
colizao,512,2144,0028F470,0,1,1,4294967295,0,0
colizao,544,2144,000A9997,0,1,1,4294967295,0,0
colizao,544,2176,00208AF8,0,1,1,4294967295,0,0
colizao,576,2176,0009F148,0,1,1,4294967295,0,0
colizao,608,2176,003680A0,0,1,1,4294967295,0,0
colizao,608,2208,00143486,0,1,1,4294967295,0,0
colizao,640,2208,0039369E,0,1,1,4294967295,0,0
colizao,640,2240,003FDEB8,0,1,1,4294967295,0,0
colizao,672,2240,00189C24,0,1,1,4294967295,0,0
colizao,704,2240,00121EC5,0,1,1,4294967295,0,0
colizao,704,2272,000FB7D9,0,1,1,4294967295,0,0
colizao,736,2272,00219EB8,0,1,1,4294967295,0,0
colizao,768,2272,00088DF4,0,1,1,4294967295,0,0
colizao,800,2304,003EB57F,0,1,1,4294967295,0,0
colizao,832,2304,003B2D6D,0,1,1,4294967295,0,0
colizao,832,2336,001ADD4C,0,1,1,4294967295,0,0
colizao,864,2336,0023D9AC,0,1,1,4294967295,0,0
colizao,896,2336,002F8099,0,1,1,4294967295,0,0
colizao,896,2368,0018E3D8,0,1,1,4294967295,0,0
colizao,2144,3072,000F6191,0,1,1,4294967295,0,0
colizao,2176,3072,00141679,0,1,1,4294967295,0,0
colizao,2176,3104,0032589A,0,1,1,4294967295,0,0
colizao,2208,3104,000728D9,0,1,1,4294967295,0,0
colizao,2240,3104,000878C9,0,1,1,4294967295,0,0
colizao,2272,3104,003AFBB2,0,1,1,4294967295,0,0
colizao,2272,3136,001C6D8B,0,1,1,4294967295,0,0
colizao,2304,3136,0016A7CD,0,1,1,4294967295,0,0
colizao,896,2336,00237EF9,0,1,1,4294967295,0,0
colizao,896,2368,000AA953,0,1,1,4294967295,0,0
colizao,928,2368,003E18A2,0,1,1,4294967295,0,0
colizao,960,2368,000D41F7,0,1,1,4294967295,0,0
colizao,960,2400,0028E847,0,1,1,4294967295,0,0
colizao,992,2400,001FD12D,0,1,1,4294967295,0,0
colizao,1024,2400,00360084,0,1,1,4294967295,0,0
colizao,1056,2432,003874A7,0,1,1,4294967295,0,0
colizao,1184,2496,0034A68F,0,1,1,4294967295,0,0
colizao,1216,2528,0038E294,0,1,1,4294967295,0,0
colizao,1248,2528,00070D47,0,1,1,4294967295,0,0
colizao,1280,2528,0033631C,0,1,1,4294967295,0,0
colizao,1280,2560,0031B831,0,1,1,4294967295,0,0
colizao,1312,2560,0040342C,0,1,1,4294967295,0,0
colizao,1312,2592,0032C1C8,0,1,1,4294967295,0,0
colizao,1344,2592,001A125F,0,1,1,4294967295,0,0
colizao,1344,2624,0020376B,0,1,1,4294967295,0,0
colizao,1376,2624,000E8973,0,1,1,4294967295,0,0
colizao,1088,2432,00239E62,0,1,1,4294967295,0,0
colizao,1120,2464,0007AE4D,0,1,1,4294967295,0,0
colizao,1152,2464,00193D21,0,1,1,4294967295,0,0
colizao,1408,2624,00156461,0,1,1,4294967295,0,0
colizao,1440,2624,0037F93E,0,1,1,4294967295,0,0
colizao,1440,2656,0034D826,0,1,1,4294967295,0,0
colizao,1472,2656,0020F880,0,1,1,4294967295,0,0
colizao,1504,2656,00018ED0,0,1,1,4294967295,0,0
colizao,1504,2688,0002FEE9,0,1,1,4294967295,0,0
colizao,1536,2688,0028F490,0,1,1,4294967295,0,0
colizao,1536,2720,003F1813,0,1,1,4294967295,0,0
colizao,1568,2720,003A17CE,0,1,1,4294967295,0,0
colizao,1568,2752,003E8740,0,1,1,4294967295,0,0
colizao,1600,2752,0009441E,0,1,1,4294967295,0,0
colizao,1600,2784,00042EB8,0,1,1,4294967295,0,0
colizao,1632,2784,0039C273,0,1,1,4294967295,0,0
colizao,1664,2816,00007FA1,0,1,1,4294967295,0,0
colizao,1696,2816,00064838,0,1,1,4294967295,0,0
colizao,1696,2848,0031B2E6,0,1,1,4294967295,0,0
colizao,1728,2848,000FD59A,0,1,1,4294967295,0,0
colizao,1760,2848,00099876,0,1,1,4294967295,0,0
colizao,1792,2880,0011FE65,0,1,1,4294967295,0,0
colizao,1824,2880,001943F7,0,1,1,4294967295,0,0
colizao,1856,2880,001926CC,0,1,1,4294967295,0,0
colizao,1856,2912,002A8D41,0,1,1,4294967295,0,0
colizao,1888,2912,00388F24,0,1,1,4294967295,0,0
colizao,1888,2944,00356D4F,0,1,1,4294967295,0,0
colizao,1920,2944,000745E3,0,1,1,4294967295,0,0
colizao,1952,2944,001F4394,0,1,1,4294967295,0,0
colizao,1952,2976,002EFD4B,0,1,1,4294967295,0,0
colizao,1984,2976,0021C31C,0,1,1,4294967295,0,0
colizao,2016,2976,00048F81,0,1,1,4294967295,0,0
colizao,2016,3008,001C2D4A,0,1,1,4294967295,0,0
colizao,2048,3008,002347AE,0,1,1,4294967295,0,0
colizao,2080,3008,00076F16,0,1,1,4294967295,0,0
colizao,2112,3040,002071D8,0,1,1,4294967295,0,0
colizao,2144,3040,003974E3,0,1,1,4294967295,0,0
colizao,2176,3040,0029B339,0,1,1,4294967295,0,0
colizao,2208,3040,002B6573,0,1,1,4294967295,0,0
colizao,2208,3072,00161762,0,1,1,4294967295,0,0
colizao,2240,3072,00002B6B,0,1,1,4294967295,0,0
colizao,2272,3072,0012DECA,0,1,1,4294967295,0,0
colizao,2272,3104,00038AC1,0,1,1,4294967295,0,0
colizao,2336,3136,0011F695,0,1,1,4294967295,0,0
colizao,2368,3136,00094FDF,0,1,1,4294967295,0,0
colizao,2400,3136,002FB669,0,1,1,4294967295,0,0
colizao,2432,3136,0005D773,0,1,1,4294967295,0,0
colizao,2464,3136,003C910D,0,1,1,4294967295,0,0
colizao,2496,3136,001F88EA,0,1,1,4294967295,0,0
colizao,2528,3136,0020F4EC,0,1,1,4294967295,0,0
colizao,2560,3136,001BE586,0,1,1,4294967295,0,0
colizao,2592,3136,0015FC75,0,1,1,4294967295,0,0
colizao,2592,3104,00116D0C,0,1,1,4294967295,0,0
colizao,2624,3104,002C4F63,0,1,1,4294967295,0,0
colizao,2624,3072,000D6567,0,1,1,4294967295,0,0
colizao,2624,3040,002085C0,0,1,1,4294967295,0,0
colizao,2624,3008,000F77D2,0,1,1,4294967295,0,0
colizao,2624,2976,00113297,0,1,1,4294967295,0,0
colizao,2624,2944,001BD234,0,1,1,4294967295,0,0
colizao,2624,2912,00042FF0,0,1,1,4294967295,0,0
colizao,2624,2880,000C9751,0,1,1,4294967295,0,0
colizao,2624,2848,001739B5,0,1,1,4294967295,0,0
colizao,2592,2848,000B9532,0,1,1,4294967295,0,0
colizao,2560,2848,001ED014,0,1,1,4294967295,0,0
colizao,2528,2848,001EE6C7,0,1,1,4294967295,0,0
colizao,2496,2848,00075607,0,1,1,4294967295,0,0
colizao,2432,2848,002983D5,0,1,1,4294967295,0,0
colizao,2400,2848,0000F86A,0,1,1,4294967295,0,0
colizao,2368,2848,003CB0BC,0,1,1,4294967295,0,0
colizao,2336,2848,0039EDF0,0,1,1,4294967295,0,0
colizao,2368,2848,003F3BB9,0,1,1,4294967295,0,0
colizao,2400,2848,00350C03,0,1,1,4294967295,0,0
colizao,2432,2848,00090E9C,0,1,1,4294967295,0,0
colizao,2464,2848,0014E135,0,1,1,4294967295,0,0
colizao,2304,2848,0036B5A8,0,1,1,4294967295,0,0
colizao,2272,2848,002A479E,0,1,1,4294967295,0,0
colizao,2240,2848,0021D066,0,1,1,4294967295,0,0
colizao,2208,2848,0005BFC6,0,1,1,4294967295,0,0
colizao,2144,2784,001FEC2E,0,1,1,4294967295,0,0
colizao,2112,2784,0008CFA7,0,1,1,4294967295,0,0
colizao,2112,2752,003890EE,0,1,1,4294967295,0,0
colizao,2080,2752,0008CCC7,0,1,1,4294967295,0,0
colizao,2080,2720,00252F07,0,1,1,4294967295,0,0
colizao,2048,2720,00032B2E,0,1,1,4294967295,0,0
colizao,2016,2720,0016F92F,0,1,1,4294967295,0,0
colizao,2016,2688,000736A3,0,1,1,4294967295,0,0
colizao,1984,2688,001BB1D3,0,1,1,4294967295,0,0
colizao,1984,2656,00173496,0,1,1,4294967295,0,0
colizao,1952,2656,0001411F,0,1,1,4294967295,0,0
colizao,1920,2656,000DB2F6,0,1,1,4294967295,0,0
colizao,1920,2624,001003BE,0,1,1,4294967295,0,0
colizao,1888,2624,00358C90,0,1,1,4294967295,0,0
colizao,1856,2624,0015DFEB,0,1,1,4294967295,0,0
colizao,1856,2592,003A594E,0,1,1,4294967295,0,0
colizao,1824,2592,00279887,0,1,1,4294967295,0,0
colizao,1824,2560,0015C038,0,1,1,4294967295,0,0
colizao,1792,2560,0018A426,0,1,1,4294967295,0,0
colizao,1792,2528,000920C4,0,1,1,4294967295,0,0
colizao,1760,2528,000C07DE,0,1,1,4294967295,0,0
colizao,1728,2528,00051F9C,0,1,1,4294967295,0,0
colizao,1728,2496,00234F3E,0,1,1,4294967295,0,0
colizao,1696,2496,0033F011,0,1,1,4294967295,0,0
colizao,2144,2784,002C9961,0,1,1,4294967295,0,0
colizao,2176,2784,002B2510,0,1,1,4294967295,0,0
colizao,2176,2816,001B06B1,0,1,1,4294967295,0,0
colizao,2208,2816,00158C08,0,1,1,4294967295,0,0
colizao,1664,2496,002FC473,0,1,1,4294967295,0,0
colizao,1632,2464,0025B9E6,0,1,1,4294967295,0,0
colizao,1600,2464,000CCF0F,0,1,1,4294967295,0,0
colizao,1600,2432,001AAF39,0,1,1,4294967295,0,0
colizao,1568,2432,002D4432,0,1,1,4294967295,0,0
colizao,1536,2432,001313D1,0,1,1,4294967295,0,0
colizao,1504,2432,0024AD60,0,1,1,4294967295,0,0
colizao,1504,2400,00371914,0,1,1,4294967295,0,0
colizao,1472,2400,000248A0,0,1,1,4294967295,0,0
colizao,1472,2368,0031C80B,0,1,1,4294967295,0,0
colizao,1440,2368,002F58ED,0,1,1,4294967295,0,0
colizao,1408,2368,002EF691,0,1,1,4294967295,0,0
colizao,1408,2336,00038669,0,1,1,4294967295,0,0
colizao,1376,2336,001378A6,0,1,1,4294967295,0,0
colizao,1344,2336,002E8A3B,0,1,1,4294967295,0,0
colizao,1344,2304,0009258D,0,1,1,4294967295,0,0
colizao,1312,2304,003DD3D2,0,1,1,4294967295,0,0
colizao,1280,2304,001291F4,0,1,1,4294967295,0,0
colizao,1248,2272,003823BB,0,1,1,4294967295,0,0
colizao,1216,2272,00174622,0,1,1,4294967295,0,0
colizao,1216,2240,003E5D5B,0,1,1,4294967295,0,0
colizao,1184,2240,002D8288,0,1,1,4294967295,0,0
colizao,1152,2240,002064D4,0,1,1,4294967295,0,0
colizao,1120,2208,001821AA,0,1,1,4294967295,0,0
colizao,1088,2208,00255F15,0,1,1,4294967295,0,0
colizao,1088,2176,003F8AA2,0,1,1,4294967295,0,0
colizao,1056,2176,001301EA,0,1,1,4294967295,0,0
colizao,1056,2144,00071AF1,0,1,1,4294967295,0,0
colizao,1024,2144,001BF588,0,1,1,4294967295,0,0
colizao,1024,2112,0035CA28,0,1,1,4294967295,0,0
colizao,992,2112,0028FAC6,0,1,1,4294967295,0,0
colizao,960,2112,0037B759,0,1,1,4294967295,0,0
colizao,928,2112,000CABFE,0,1,1,4294967295,0,0
colizao,928,2080,001219C2,0,1,1,4294967295,0,0
colizao,896,2080,002A6F94,0,1,1,4294967295,0,0
colizao,864,2080,002C4ECE,0,1,1,4294967295,0,0
colizao,864,2048,00026D43,0,1,1,4294967295,0,0
colizao,832,2048,003A3AFC,0,1,1,4294967295,0,0
colizao,800,2048,002564DF,0,1,1,4294967295,0,0
colizao,800,2016,002D8B6E,0,1,1,4294967295,0,0
colizao,768,2016,00258725,0,1,1,4294967295,0,0
colizao,736,2016,001E8114,0,1,1,4294967295,0,0
colizao,736,1984,00129524,0,1,1,4294967295,0,0
colizao,704,1984,00174FCC,0,1,1,4294967295,0,0
colizao,672,1984,003E3310,0,1,1,4294967295,0,0
colizao,640,1984,00260488,0,1,1,4294967295,0,0
colizao,640,1952,00016697,0,1,1,4294967295,0,0
colizao,608,1952,000B7D75,0,1,1,4294967295,0,0
colizao,576,1920,000CFB7D,0,1,1,4294967295,0,0
colizao,544,1920,00142B0F,0,1,1,4294967295,0,0
colizao,544,1888,0037F8FA,0,1,1,4294967295,0,0
colizao,512,1888,00029B87,0,1,1,4294967295,0,0
colizao,480,1888,003A2555,0,1,1,4294967295,0,0
colizao,480,1856,0019A409,0,1,1,4294967295,0,0
colizao,512,1856,0026AB79,0,1,1,4294967295,0,0
colizao,544,1856,00349E4A,0,1,1,4294967295,0,0
colizao,576,1824,003A9AE3,0,1,1,4294967295,0,0
colizao,576,1856,00294DFB,0,1,1,4294967295,0,0
colizao,608,1856,000B1BB4,0,1,1,4294967295,0,0
colizao,608,1824,002F2A94,0,1,1,4294967295,0,0
colizao,640,1824,003AF0B3,0,1,1,4294967295,0,0
colizao,672,1824,002DD981,0,1,1,4294967295,0,0
colizao,704,1824,0012A881,0,1,1,4294967295,0,0
colizao,704,1792,00379AA5,0,1,1,4294967295,0,0
colizao,736,1792,002001B0,0,1,1,4294967295,0,0
colizao,768,1792,000EE0F6,0,1,1,4294967295,0,0
colizao,768,1760,00060A68,0,1,1,4294967295,0,0
colizao,800,1760,001BCCD5,0,1,1,4294967295,0,0
colizao,832,1760,000F1ADE,0,1,1,4294967295,0,0
colizao,832,1728,001819AA,0,1,1,4294967295,0,0
colizao,864,1728,001A338E,0,1,1,4294967295,0,0
colizao,896,1728,0024A80F,0,1,1,4294967295,0,0
colizao,928,1728,002358A5,0,1,1,4294967295,0,0
colizao,928,1696,0001DD06,0,1,1,4294967295,0,0
colizao,960,1696,000F0EE2,0,1,1,4294967295,0,0
colizao,992,1696,0018BFE1,0,1,1,4294967295,0,0
colizao,1024,1696,000B7758,0,1,1,4294967295,0,0
colizao,1024,1664,0003CDF9,0,1,1,4294967295,0,0
colizao,1056,1664,0015C53C,0,1,1,4294967295,0,0
colizao,1088,1664,003A531F,0,1,1,4294967295,0,0
colizao,1088,1632,00097CCE,0,1,1,4294967295,0,0
colizao,1120,1632,00400009,0,1,1,4294967295,0,0
colizao,1152,1632,00294BEA,0,1,1,4294967295,0,0
colizao,1184,1632,00378AD2,0,1,1,4294967295,0,0
colizao,1184,1600,001FEC86,0,1,1,4294967295,0,0
colizao,1216,1600,002BCA08,0,1,1,4294967295,0,0
colizao,1248,1600,0010E3DC,0,1,1,4294967295,0,0
colizao,1280,1600,002CCC1B,0,1,1,4294967295,0,0
colizao,1280,1568,0003FBCD,0,1,1,4294967295,0,0
colizao,1312,1568,0036C263,0,1,1,4294967295,0,0
colizao,1344,1568,000D1E4B,0,1,1,4294967295,0,0
colizao,1344,1536,002A0F43,0,1,1,4294967295,0,0
colizao,1376,1536,001E6123,0,1,1,4294967295,0,0
colizao,1408,1536,002BD8E2,0,1,1,4294967295,0,0
colizao,1408,1504,0003D041,0,1,1,4294967295,0,0
colizao,1440,1504,00149DF7,0,1,1,4294967295,0,0
colizao,1472,1504,0011125A,0,1,1,4294967295,0,0
colizao,1504,1504,001EBC8A,0,1,1,4294967295,0,0
colizao,1536,1504,0008DBB6,0,1,1,4294967295,0,0
colizao,1536,1472,003E592C,0,1,1,4294967295,0,0
colizao,1568,1472,001A75CF,0,1,1,4294967295,0,0
colizao,1600,1472,0031AF52,0,1,1,4294967295,0,0
colizao,1632,1472,003AA55C,0,1,1,4294967295,0,0
colizao,1664,1472,0015C8AC,0,1,1,4294967295,0,0
colizao,1696,1472,0014CE27,0,1,1,4294967295,0,0
colizao,1696,1440,0029F9A9,0,1,1,4294967295,0,0
colizao,1728,1440,00252BF4,0,1,1,4294967295,0,0
colizao,1760,1440,0025D7E4,0,1,1,4294967295,0,0
colizao,1792,1440,001ABBB2,0,1,1,4294967295,0,0
colizao,1824,1440,000F0799,0,1,1,4294967295,0,0
colizao,1824,1408,003A8EBE,0,1,1,4294967295,0,0
colizao,1856,1408,001D8BBD,0,1,1,4294967295,0,0
colizao,1888,1408,00051F47,0,1,1,4294967295,0,0
colizao,1888,1376,001E1526,0,1,1,4294967295,0,0
colizao,1920,1376,003B780E,0,1,1,4294967295,0,0
colizao,1952,1376,003941DA,0,1,1,4294967295,0,0
colizao,1984,1376,003D2883,0,1,1,4294967295,0,0
colizao,2016,1376,002942D3,0,1,1,4294967295,0,0
colizao,2016,1344,00213787,0,1,1,4294967295,0,0
colizao,2048,1344,002BA365,0,1,1,4294967295,0,0
colizao,2080,1344,00037739,0,1,1,4294967295,0,0
colizao,2112,1344,0008309B,0,1,1,4294967295,0,0
colizao,2112,1312,0027B12F,0,1,1,4294967295,0,0
colizao,2144,1312,0025B281,0,1,1,4294967295,0,0
colizao,2176,1312,0033893D,0,1,1,4294967295,0,0
colizao,2208,1312,0037D270,0,1,1,4294967295,0,0
colizao,2240,1312,0005F477,0,1,1,4294967295,0,0
colizao,2240,1280,0036B1A2,0,1,1,4294967295,0,0
colizao,2272,1280,00208667,0,1,1,4294967295,0,0
colizao,2304,1280,001CA413,0,1,1,4294967295,0,0
colizao,2304,1248,00207B74,0,1,1,4294967295,0,0
colizao,2336,1248,003572A2,0,1,1,4294967295,0,0
colizao,2368,1248,003A6CD7,0,1,1,4294967295,0,0
colizao,2368,1216,00151ACE,0,1,1,4294967295,0,0
colizao,2400,1216,00357A57,0,1,1,4294967295,0,0
colizao,2432,1216,00374503,0,1,1,4294967295,0,0
colizao,2464,1216,001A54A9,0,1,1,4294967295,0,0
colizao,2464,1184,0013BF18,0,1,1,4294967295,0,0
colizao,2496,1184,000D2115,0,1,1,4294967295,0,0
colizao,2528,1184,0017A216,0,1,1,4294967295,0,0
colizao,2560,1184,003F5D0B,0,1,1,4294967295,0,0
colizao,2560,1152,002AE51D,0,1,1,4294967295,0,0
colizao,2592,1152,0027AA70,0,1,1,4294967295,0,0
colizao,2624,1152,00060A20,0,1,1,4294967295,0,0
colizao,2656,1120,001D41B9,0,1,1,4294967295,0,0
colizao,2688,1120,00219C53,0,1,1,4294967295,0,0
colizao,2720,1088,001D038A,0,1,1,4294967295,0,0
colizao,2720,1056,0015BB1B,0,1,1,4294967295,0,0
colizao,2752,1024,002F4BDD,0,1,1,4294967295,0,0
colizao,2784,1024,00232C8A,0,1,1,4294967295,0,0
colizao,2784,992,00074ABF,0,1,1,4294967295,0,0
colizao,2816,992,002DFEC1,0,1,1,4294967295,0,0
colizao,2816,960,00110E5C,0,1,1,4294967295,0,0
colizao,2816,928,0018BCA3,0,1,1,4294967295,0,0
colizao,2784,928,000B5EDA,0,1,1,4294967295,0,0
colizao,2784,896,00176826,0,1,1,4294967295,0,0
colizao,2752,896,003D90FA,0,1,1,4294967295,0,0
colizao,2752,864,0032E276,0,1,1,4294967295,0,0
colizao,2720,864,0010D6AB,0,1,1,4294967295,0,0
colizao,2688,864,001AD5BB,0,1,1,4294967295,0,0
colizao,2656,864,003B892B,0,1,1,4294967295,0,0
colizao,2624,864,0015EB2F,0,1,1,4294967295,0,0
colizao,2624,832,000E684A,0,1,1,4294967295,0,0
colizao,2592,864,000D0663,0,1,1,4294967295,0,0
colizao,2560,864,0006DCF7,0,1,1,4294967295,0,0
colizao,2528,864,0014EADF,0,1,1,4294967295,0,0
colizao,2496,864,00066D1B,0,1,1,4294967295,0,0
colizao,2464,864,00265FB7,0,1,1,4294967295,0,0
colizao,2432,864,000DFB27,0,1,1,4294967295,0,0
colizao,2432,832,000A6487,0,1,1,4294967295,0,0
colizao,2400,832,000A317F,0,1,1,4294967295,0,0
colizao,2368,832,000F37E1,0,1,1,4294967295,0,0
colizao,2336,832,002328E2,0,1,1,4294967295,0,0
colizao,2304,832,001254BD,0,1,1,4294967295,0,0
colizao,2304,800,00358CBE,0,1,1,4294967295,0,0
colizao,2272,800,0019A583,0,1,1,4294967295,0,0
colizao,2240,800,003EA654,0,1,1,4294967295,0,0
colizao,2208,800,000B1DE4,0,1,1,4294967295,0,0
colizao,2208,768,0021A861,0,1,1,4294967295,0,0
colizao,2176,768,00206ECD,0,1,1,4294967295,0,0
colizao,2144,768,0036782D,0,1,1,4294967295,0,0
colizao,2144,736,001CBEB1,0,1,1,4294967295,0,0
colizao,2112,736,000F3419,0,1,1,4294967295,0,0
colizao,2080,736,0031A9AA,0,1,1,4294967295,0,0
colizao,2048,704,0010E131,0,1,1,4294967295,0,0
colizao,2016,704,0030D521,0,1,1,4294967295,0,0
colizao,2016,672,00234D64,0,1,1,4294967295,0,0
colizao,1984,672,0009F3D3,0,1,1,4294967295,0,0
colizao,1984,640,00106FB8,0,1,1,4294967295,0,0
colizao,1952,640,0017C6A6,0,1,1,4294967295,0,0
colizao,1952,608,0035568F,0,1,1,4294967295,0,0
colizao,1920,608,00157E00,0,1,1,4294967295,0,0
colizao,1920,576,000DB5B5,0,1,1,4294967295,0,0
colizao,1888,576,003D53E5,0,1,1,4294967295,0,0
colizao,1888,544,0020C3C4,0,1,1,4294967295,0,0
colizao,1856,544,0036C066,0,1,1,4294967295,0,0
colizao,1856,512,000A727E,0,1,1,4294967295,0,0
colizao,1824,512,002A766A,0,1,1,4294967295,0,0
colizao,1792,512,00356135,0,1,1,4294967295,0,0
colizao,1760,512,00079EF5,0,1,1,4294967295,0,0
colizao,1760,480,000D83D1,0,1,1,4294967295,0,0
colizao,1728,480,001D44B7,0,1,1,4294967295,0,0
colizao,1696,480,0021818B,0,1,1,4294967295,0,0
colizao,1664,480,00360E5A,0,1,1,4294967295,0,0
colizao,1632,480,00250FA9,0,1,1,4294967295,0,0
colizao,1632,448,0007FAA0,0,1,1,4294967295,0,0
colizao,1600,448,00185847,0,1,1,4294967295,0,0
colizao,1568,448,00154DEE,0,1,1,4294967295,0,0
colizao,1568,416,000E57A5,0,1,1,4294967295,0,0
colizao,1536,416,000E382D,0,1,1,4294967295,0,0
colizao,1504,416,0029FCD1,0,1,1,4294967295,0,0
colizao,1472,416,003F80EB,0,1,1,4294967295,0,0
colizao,1472,384,0027E5D3,0,1,1,4294967295,0,0
colizao,1440,384,00107951,0,1,1,4294967295,0,0
colizao,1440,352,001B34A3,0,1,1,4294967295,0,0
colizao,1408,352,0026CABF,0,1,1,4294967295,0,0
colizao,1408,320,001F3257,0,1,1,4294967295,0,0
colizao,1376,320,001424FE,0,1,1,4294967295,0,0
colizao,1344,320,001841AF,0,1,1,4294967295,0,0
colizao,1312,320,002DC855,0,1,1,4294967295,0,0
colizao,1312,288,002CB2E8,0,1,1,4294967295,0,0
colizao,1280,288,0024D5E0,0,1,1,4294967295,0,0
colizao,1248,288,000737B3,0,1,1,4294967295,0,0
colizao,1248,256,00214FE3,0,1,1,4294967295,0,0
colizao,1216,256,0007EF02,0,1,1,4294967295,0,0
colizao,1184,256,0021252F,0,1,1,4294967295,0,0
colizao,1184,224,0020ADB9,0,1,1,4294967295,0,0
colizao,1152,224,003EDB8A,0,1,1,4294967295,0,0
colizao,1120,224,00380AB8,0,1,1,4294967295,0,0
colizao,1088,224,00303D97,0,1,1,4294967295,0,0
colizao,1088,192,001C81E9,0,1,1,4294967295,0,0
colizao,1056,192,003F02D0,0,1,1,4294967295,0,0
colizao,1024,192,002E32C8,0,1,1,4294967295,0,0
colizao,992,160,00378CA4,0,1,1,4294967295,0,0
colizao,960,160,000F19B5,0,1,1,4294967295,0,0
colizao,960,128,0013F627,0,1,1,4294967295,0,0
colizao,928,128,0020132D,0,1,1,4294967295,0,0
colizao,896,128,0002E486,0,1,1,4294967295,0,0
colizao,896,96,00123405,0,1,1,4294967295,0,0
colizao,864,96,00396DC5,0,1,1,4294967295,0,0
colizao,864,64,0023A0A3,0,1,1,4294967295,0,0
colizao,832,64,003AD1BB,0,1,1,4294967295,0,0
colizao,800,64,00002505,0,1,1,4294967295,0,0
colizao,800,32,0034E55D,0,1,1,4294967295,0,0
colizao,768,32,001DA48C,0,1,1,4294967295,0,0
colizao,736,32,001BA48F,0,1,1,4294967295,0,0
colizao,704,32,00342A19,0,1,1,4294967295,0,0
colizao,704,0,001EF761,0,1,1,4294967295,0,0
colizao,672,0,00061A7D,0,1,1,4294967295,0,0
colizao,640,0,003B8C33,0,1,1,4294967295,0,0
colizao,608,0,00088170,0,1,1,4294967295,0,0
colizao,288,32,003137CE,0,1,1,4294967295,0,0
colizao,256,32,003F6A76,0,1,1,4294967295,0,0
colizao,224,32,0014D25C,0,1,1,4294967295,0,0
colizao,192,32,0019B684,0,1,1,4294967295,0,0
colizao,128,32,003B1DDE,0,1,1,4294967295,0,0
colizao,96,32,00241FC4,0,1,1,4294967295,0,0
colizao,64,32,003D9722,0,1,1,4294967295,0,0
colizao,32,32,0024DCA6,0,1,1,4294967295,0,0
colizao,0,32,00285D5C,0,1,1,4294967295,0,0
colizao,32,32,00047E22,0,1,1,4294967295,0,0
colizao,64,32,0031CC3C,0,1,1,4294967295,0,0
colizao,96,32,00261B3B,0,1,1,4294967295,0,0
colizao,128,32,000EEA96,0,1,1,4294967295,0,0
colizao,160,32,0027D3BC,0,1,1,4294967295,0,0
chegada,2592,3072,0028A7D6,0,1,1,4294967295,0,0
chegada,2464,2880,00387C01,0,1,1,4294967295,0,0
chegada,2496,2880,0009B02D,0,1,1,4294967295,0,0
chegada,2528,2880,0040340D,0,1,1,4294967295,0,0
chegada,2560,2880,002F752D,0,1,1,4294967295,0,0
chegada,2592,2880,001CB341,0,1,1,4294967295,0,0
chegada,2592,2912,002551B2,0,1,1,4294967295,0,0
chegada,2592,2944,0036CEDD,0,1,1,4294967295,0,0
chegada,2592,2976,002A4443,0,1,1,4294967295,0,0
chegada,2592,3008,00376527,0,1,1,4294967295,0,0
chegada,2592,3040,00138983,0,1,1,4294967295,0,0
chegada,2560,3040,00076F6B,0,1,1,4294967295,0,0
chegada,2560,3072,0005702B,0,1,1,4294967295,0,0
chegada,2496,3072,0003F159,0,1,1,4294967295,0,0
chegada,2432,3104,00008B8E,0,1,1,4294967295,0,0
chegada,2464,3072,0004A81E,0,1,1,4294967295,0,0
chegada,2432,2912,001FCB45,0,1,1,4294967295,0,0
chegada,2432,2944,000C8076,0,1,1,4294967295,0,0
chegada,2400,2976,002AAD2D,0,1,1,4294967295,0,0
chegada,2400,3008,003B654E,0,1,1,4294967295,0,0
chegada,2400,3040,00302A57,0,1,1,4294967295,0,0
chegada,2400,3072,002E9B21,0,1,1,4294967295,0,0
chegada,2432,3072,00124AA9,0,1,1,4294967295,0,0
chegada,2432,3040,000676D8,0,1,1,4294967295,0,0
chegada,2432,3008,00096AB4,0,1,1,4294967295,0,0
chegada,2464,3008,0001AC1B,0,1,1,4294967295,0,0
chegada,2496,3008,0036E0C5,0,1,1,4294967295,0,0
chegada,2528,3008,00210302,0,1,1,4294967295,0,0
chegada,2560,3008,00378A50,0,1,1,4294967295,0,0
chegada,2560,2976,000E9771,0,1,1,4294967295,0,0
chegada,2560,2944,00179676,0,1,1,4294967295,0,0
chegada,2560,2912,003280B6,0,1,1,4294967295,0,0
chegada,2464,2912,002DD4C7,0,1,1,4294967295,0,0
chegada,2464,2944,0029D020,0,1,1,4294967295,0,0
chegada,2464,2976,003FFACE,0,1,1,4294967295,0,0
chegada,2496,2976,001A3C80,0,1,1,4294967295,0,0
chegada,2528,2976,000B24A1,0,1,1,4294967295,0,0
chegada,2528,2944,0002E253,0,1,1,4294967295,0,0
chegada,2496,2944,002561D3,0,1,1,4294967295,0,0
chegada,2432,2976,000AC5B5,0,1,1,4294967295,0,0
chegada,2464,3040,00399BF3,0,1,1,4294967295,0,0
chegada,2496,3040,000D6BBE,0,1,1,4294967295,0,0
chegada,2528,3040,00306F56,0,1,1,4294967295,0,0
chegada,2528,3072,00099706,0,1,1,4294967295,0,0
chegada,2560,3104,000CF5C9,0,1,1,4294967295,0,0
chegada,2528,3104,000A9F0E,0,1,1,4294967295,0,0
chegada,2496,3104,00096567,0,1,1,4294967295,0,0
chegada,2464,3104,00193F38,0,1,1,4294967295,0,0
chegada,2496,2912,000E57AD,0,1,1,4294967295,0,0
chegada,2528,2912,00035205,0,1,1,4294967295,0,0
chegada,2528,2944,0011C512,0,1,1,4294967295,0,0
chegada,2528,2976,00239461,0,1,1,4294967295,0,0
chegada,2528,3008,002AD993,0,1,1,4294967295,0,0
chegada,2528,3040,003BE543,0,1,1,4294967295,0,0
chegada,2528,3072,0013EC41,0,1,1,4294967295,0,0
chegada,2496,3072,001CCDAF,0,1,1,4294967295,0,0
chegada,2528,3072,003F4CE1,0,1,1,4294967295,0,0
chegada,2560,3072,0028D76D,0,1,1,4294967295,0,0
chegada,2592,3072,003512FA,0,1,1,4294967295,0,0
chegada,2560,3040,000DFCA3,0,1,1,4294967295,0,0
chegada,2592,3040,00322270,0,1,1,4294967295,0,0
chegada,2464,3040,00026803,0,1,1,4294967295,0,0
chegada,2496,3040,001D7517,0,1,1,4294967295,0,0
chegada,2464,3072,000CCD89,0,1,1,4294967295,0,0
chegada,2496,3008,000C0A26,0,1,1,4294967295,0,0
chegada,2464,3008,0012F906,0,1,1,4294967295,0,0
chegada,2464,2976,002ADE73,0,1,1,4294967295,0,0
chegada,2496,2976,0010E3DF,0,1,1,4294967295,0,0
chegada,2496,2944,000DDE79,0,1,1,4294967295,0,0
chegada,2464,2944,00108CBE,0,1,1,4294967295,0,0
chegada,2560,2944,002AC17D,0,1,1,4294967295,0,0
chegada,2560,2944,0001C90B,0,1,1,4294967295,0,0
chegada,2592,2944,0016BCDE,0,1,1,4294967295,0,0
chegada,2592,2976,00108355,0,1,1,4294967295,0,0
chegada,2592,3008,003C2698,0,1,1,4294967295,0,0
chegada,2560,2976,00182D48,0,1,1,4294967295,0,0
chegada,2560,2976,000D98AC,0,1,1,4294967295,0,0
chegada,2560,3008,0034FE61,0,1,1,4294967295,0,0
chegada,2368,3104,00185511,0,1,1,4294967295,0,0
chegada,2336,3104,002914C7,0,1,1,4294967295,0,0
chegada,2304,3104,0032539E,0,1,1,4294967295,0,0
chegada,2304,3072,00114A3B,0,1,1,4294967295,0,0
chegada,2336,3072,002616CA,0,1,1,4294967295,0,0
chegada,2336,3040,000E3766,0,1,1,4294967295,0,0
chegada,2336,3008,001901A6,0,1,1,4294967295,0,0
chegada,2336,2976,001D5FD9,0,1,1,4294967295,0,0
chegada,2336,2944,002DE02A,0,1,1,4294967295,0,0
chegada,2368,2944,002D0520,0,1,1,4294967295,0,0
chegada,2368,2912,003FBD4F,0,1,1,4294967295,0,0
chegada,2400,2880,002CC969,0,1,1,4294967295,0,0
chegada,2432,2880,00013675,0,1,1,4294967295,0,0
chegada,2400,2912,00279ECA,0,1,1,4294967295,0,0
chegada,2400,2944,003452E0,0,1,1,4294967295,0,0
chegada,2368,2976,001EE8B9,0,1,1,4294967295,0,0
chegada,2368,3008,00268A85,0,1,1,4294967295,0,0
chegada,2368,3040,00149021,0,1,1,4294967295,0,0
chegada,2368,3072,003520DB,0,1,1,4294967295,0,0
chegada,2400,3104,001FB793,0,1,1,4294967295,0,0
chegada,2368,2880,0032CCB0,0,1,1,4294967295,0,0
chegada,2336,2880,003392DE,0,1,1,4294967295,0,0
chegada,2336,2912,00154E7E,0,1,1,4294967295,0,0
chegada,2304,3040,002E7F7C,0,1,1,4294967295,0,0
chegada,2304,3008,002B324F,0,1,1,4294967295,0,0
chegada,2304,2976,0039ED61,0,1,1,4294967295,0,0
chegada,2304,2912,001B872C,0,1,1,4294967295,0,0
Player_Horse,768,192,003ECD6F,0,1,1,4294967295,0,0
Ghost_Nimbus_Boss,416,0,002A36D1,0,1,1,4294967295,0,0
Speed_Radar_Silesia,2016,2816,00385B6B,0,1,1,4294967295,0,0
Speed_Radar_Silesia,704,2112,000EE6ED,0,1,1,4294967295,0,0
Speed_Radar_Silesia,1216,1504,002D2559,0,1,1,4294967295,0,0
Speed_Radar_Silesia,1216,384,0038A18E,0,1,1,4294967295,0,0
Speed_Radar_Silesia,1952,768,003A7448,0,1,1,4294967295,0,0
