FPS_Floor,0,0,00305E01,0,1,1,4294967295,0,0
FPS_Floor,64,0,003C5B11,0,1,1,4294967295,0,0
FPS_Floor,96,0,001CE654,0,1,1,4294967295,0,0
FPS_Floor,128,0,00316851,0,1,1,4294967295,0,0
FPS_Floor,256,32,0034A880,0,1,1,4294967295,0,0
FPS_Floor,288,32,002EEDC4,0,1,1,4294967295,0,0
FPS_Floor,320,32,002EEC56,0,1,1,4294967295,0,0
FPS_Floor,384,32,003F5119,0,1,1,4294967295,0,0
FPS_Floor,352,0,003B7D20,0,1,1,4294967295,0,0
FPS_Floor,352,32,00093E1F,0,1,1,4294967295,0,0
FPS_Floor,288,0,0000EBC5,0,1,1,4294967295,0,0
FPS_Floor,320,0,00206649,0,1,1,4294967295,0,0
FPS_Floor,224,0,00066A33,0,1,1,4294967295,0,0
FPS_Floor,192,0,001821A8,0,1,1,4294967295,0,0
FPS_Floor,160,0,0012BE56,0,1,1,4294967295,0,0
FPS_Floor,256,0,000551C2,0,1,1,4294967295,0,0
FPS_Floor,384,0,003C57E4,0,1,1,4294967295,0,0
FPS_Floor,416,0,000DC3B3,0,1,1,4294967295,0,0
FPS_Floor,448,0,00129F86,0,1,1,4294967295,0,0
FPS_Floor,480,0,0001566B,0,1,1,4294967295,0,0
FPS_Floor,512,0,003FA580,0,1,1,4294967295,0,0
FPS_Floor,544,0,00198085,0,1,1,4294967295,0,0
FPS_Floor,576,0,001BBEE7,0,1,1,4294967295,0,0
FPS_Floor,608,0,00386E9E,0,1,1,4294967295,0,0
FPS_Floor,608,32,0001C9F7,0,1,1,4294967295,0,0
FPS_Floor,576,32,001AF3C2,0,1,1,4294967295,0,0
FPS_Floor,544,32,000539AE,0,1,1,4294967295,0,0
FPS_Floor,512,32,00293C20,0,1,1,4294967295,0,0
FPS_Floor,480,32,00252092,0,1,1,4294967295,0,0
FPS_Floor,448,32,0026CF90,0,1,1,4294967295,0,0
FPS_Floor,416,32,00041E67,0,1,1,4294967295,0,0
FPS_Floor,0,32,0011203F,0,1,1,4294967295,0,0
FPS_Floor,0,64,00137E1E,0,1,1,4294967295,0,0
FPS_Floor,256,64,001DFAA5,0,1,1,4294967295,0,0
FPS_Floor,288,64,002CBEA8,0,1,1,4294967295,0,0
FPS_Floor,320,64,0030C5C5,0,1,1,4294967295,0,0
FPS_Floor,352,64,00073D06,0,1,1,4294967295,0,0
FPS_Floor,384,64,002C0043,0,1,1,4294967295,0,0
FPS_Floor,416,64,0033D804,0,1,1,4294967295,0,0
FPS_Floor,448,64,000E7873,0,1,1,4294967295,0,0
FPS_Floor,480,64,0005F0EA,0,1,1,4294967295,0,0
FPS_Floor,512,64,000D743C,0,1,1,4294967295,0,0
FPS_Floor,544,64,001F5824,0,1,1,4294967295,0,0
FPS_Floor,576,64,0023FF62,0,1,1,4294967295,0,0
FPS_Floor,608,64,00289E26,0,1,1,4294967295,0,0
FPS_Floor,608,96,0014989F,0,1,1,4294967295,0,0
FPS_Floor,576,96,0023C53D,0,1,1,4294967295,0,0
FPS_Floor,544,96,002C83EA,0,1,1,4294967295,0,0
FPS_Floor,512,96,00161BD3,0,1,1,4294967295,0,0
FPS_Floor,480,96,002B1524,0,1,1,4294967295,0,0
FPS_Floor,448,96,003DEAE9,0,1,1,4294967295,0,0
FPS_Floor,416,96,002449C9,0,1,1,4294967295,0,0
FPS_Floor,384,96,002962FC,0,1,1,4294967295,0,0
FPS_Floor,352,96,00277988,0,1,1,4294967295,0,0
FPS_Floor,320,96,00287DA0,0,1,1,4294967295,0,0
FPS_Floor,288,96,0010DBEA,0,1,1,4294967295,0,0
FPS_Floor,256,96,0006103F,0,1,1,4294967295,0,0
FPS_Floor,0,96,001803EF,0,1,1,4294967295,0,0
FPS_Floor,256,128,001D310C,0,1,1,4294967295,0,0
FPS_Floor,288,128,003E8BF5,0,1,1,4294967295,0,0
FPS_Floor,320,128,00385AB4,0,1,1,4294967295,0,0
FPS_Floor,352,128,00355515,0,1,1,4294967295,0,0
FPS_Floor,384,128,001DBAF2,0,1,1,4294967295,0,0
FPS_Floor,416,128,002C4954,0,1,1,4294967295,0,0
FPS_Floor,448,128,00401C35,0,1,1,4294967295,0,0
FPS_Floor,480,128,003FCDE7,0,1,1,4294967295,0,0
FPS_Floor,512,128,001658BA,0,1,1,4294967295,0,0
FPS_Floor,544,128,003556FA,0,1,1,4294967295,0,0
FPS_Floor,576,128,0005B846,0,1,1,4294967295,0,0
FPS_Floor,608,128,001CA1B6,0,1,1,4294967295,0,0
FPS_Floor,608,160,00382322,0,1,1,4294967295,0,0
FPS_Floor,576,160,000D45A4,0,1,1,4294967295,0,0
FPS_Floor,544,160,003ADEF7,0,1,1,4294967295,0,0
FPS_Floor,512,160,0013CE4F,0,1,1,4294967295,0,0
FPS_Floor,480,160,0038B6C4,0,1,1,4294967295,0,0
FPS_Floor,448,160,00401B46,0,1,1,4294967295,0,0
FPS_Floor,416,160,003C977F,0,1,1,4294967295,0,0
FPS_Floor,384,160,00215C17,0,1,1,4294967295,0,0
FPS_Floor,352,160,003944C4,0,1,1,4294967295,0,0
FPS_Floor,320,160,002A5A25,0,1,1,4294967295,0,0
FPS_Floor,288,160,0025060C,0,1,1,4294967295,0,0
FPS_Floor,256,160,001EDF59,0,1,1,4294967295,0,0
FPS_Floor,32,192,00207890,0,1,1,4294967295,0,0
FPS_Floor,64,192,003CA247,0,1,1,4294967295,0,0
FPS_Floor,96,192,003C532E,0,1,1,4294967295,0,0
FPS_Floor,128,192,001778F1,0,1,1,4294967295,0,0
FPS_Floor,160,192,0009224F,0,1,1,4294967295,0,0
FPS_Floor,192,192,001C860E,0,1,1,4294967295,0,0
FPS_Floor,224,192,001241E1,0,1,1,4294967295,0,0
FPS_Floor,256,192,0028A684,0,1,1,4294967295,0,0
FPS_Floor,288,192,0032E4C7,0,1,1,4294967295,0,0
FPS_Floor,320,192,0015E11E,0,1,1,4294967295,0,0
FPS_Floor,352,192,001AA283,0,1,1,4294967295,0,0
FPS_Floor,384,192,00231B68,0,1,1,4294967295,0,0
FPS_Floor,416,192,00339DFB,0,1,1,4294967295,0,0
FPS_Floor,448,192,00113B26,0,1,1,4294967295,0,0
FPS_Floor,480,192,002D5DA7,0,1,1,4294967295,0,0
FPS_Floor,512,192,00300BF1,0,1,1,4294967295,0,0
FPS_Floor,544,192,003BAFCF,0,1,1,4294967295,0,0
FPS_Floor,576,192,001EBDD7,0,1,1,4294967295,0,0
FPS_Floor,608,192,0026EE05,0,1,1,4294967295,0,0
FPS_Floor,608,224,000B33B2,0,1,1,4294967295,0,0
FPS_Floor,576,224,00074117,0,1,1,4294967295,0,0
FPS_Floor,544,224,002E0F71,0,1,1,4294967295,0,0
FPS_Floor,512,224,002D849D,0,1,1,4294967295,0,0
FPS_Floor,480,224,003861AB,0,1,1,4294967295,0,0
FPS_Floor,448,224,0030B611,0,1,1,4294967295,0,0
FPS_Floor,416,224,001F60C4,0,1,1,4294967295,0,0
FPS_Floor,384,224,00316155,0,1,1,4294967295,0,0
FPS_Floor,352,224,0021E23D,0,1,1,4294967295,0,0
FPS_Floor,320,224,001CEE5B,0,1,1,4294967295,0,0
FPS_Floor,288,224,0028A91A,0,1,1,4294967295,0,0
FPS_Floor,256,224,0010F243,0,1,1,4294967295,0,0
FPS_Floor,224,224,002AA15D,0,1,1,4294967295,0,0
FPS_Floor,192,224,0018BFD6,0,1,1,4294967295,0,0
FPS_Floor,160,224,00186E32,0,1,1,4294967295,0,0
FPS_Floor,128,224,001767D9,0,1,1,4294967295,0,0
FPS_Floor,96,224,003EB3C6,0,1,1,4294967295,0,0
FPS_Floor,64,224,003E6A85,0,1,1,4294967295,0,0
FPS_Floor,32,224,00140366,0,1,1,4294967295,0,0
FPS_Floor,32,256,001ACFF7,0,1,1,4294967295,0,0
FPS_Floor,64,256,000B0818,0,1,1,4294967295,0,0
FPS_Floor,96,256,00166D73,0,1,1,4294967295,0,0
FPS_Floor,128,256,00395BA7,0,1,1,4294967295,0,0
FPS_Floor,160,256,0013E639,0,1,1,4294967295,0,0
FPS_Floor,192,256,000E5A3D,0,1,1,4294967295,0,0
FPS_Floor,224,256,003421D2,0,1,1,4294967295,0,0
FPS_Floor,256,256,00208768,0,1,1,4294967295,0,0
FPS_Floor,288,256,00144001,0,1,1,4294967295,0,0
FPS_Floor,320,256,000280D7,0,1,1,4294967295,0,0
FPS_Floor,352,256,0016BC6E,0,1,1,4294967295,0,0
FPS_Floor,384,256,0009E098,0,1,1,4294967295,0,0
FPS_Floor,416,256,0012598B,0,1,1,4294967295,0,0
FPS_Floor,448,256,00375326,0,1,1,4294967295,0,0
FPS_Floor,480,256,0036866B,0,1,1,4294967295,0,0
FPS_Floor,512,256,000FCFA4,0,1,1,4294967295,0,0
FPS_Floor,544,256,00131B36,0,1,1,4294967295,0,0
FPS_Floor,576,256,003BDDB4,0,1,1,4294967295,0,0
FPS_Floor,608,256,0024444D,0,1,1,4294967295,0,0
FPS_Floor,608,288,000A2689,0,1,1,4294967295,0,0
FPS_Floor,576,288,000719C8,0,1,1,4294967295,0,0
FPS_Floor,544,288,000EB8C3,0,1,1,4294967295,0,0
FPS_Floor,512,288,0001E90F,0,1,1,4294967295,0,0
FPS_Floor,480,288,001E0C51,0,1,1,4294967295,0,0
FPS_Floor,448,288,00034CAA,0,1,1,4294967295,0,0
FPS_Floor,416,288,00145074,0,1,1,4294967295,0,0
FPS_Floor,384,288,001DC4B5,0,1,1,4294967295,0,0
FPS_Floor,352,288,000347DB,0,1,1,4294967295,0,0
FPS_Floor,320,288,000B5902,0,1,1,4294967295,0,0
FPS_Floor,288,288,00267BAD,0,1,1,4294967295,0,0
FPS_Floor,256,288,0010B77D,0,1,1,4294967295,0,0
FPS_Floor,224,288,001D6465,0,1,1,4294967295,0,0
FPS_Floor,192,288,00355096,0,1,1,4294967295,0,0
FPS_Floor,160,288,00230E13,0,1,1,4294967295,0,0
FPS_Floor,128,288,00116B2C,0,1,1,4294967295,0,0
FPS_Floor,96,288,000ED5A7,0,1,1,4294967295,0,0
FPS_Floor,64,288,003CDF67,0,1,1,4294967295,0,0
FPS_Floor,32,288,002A60CC,0,1,1,4294967295,0,0
FPS_Floor,0,288,0036CEB5,0,1,1,4294967295,0,0
FPS_Floor,0,320,0006F74D,0,1,1,4294967295,0,0
FPS_Floor,32,320,002EC1F2,0,1,1,4294967295,0,0
FPS_Floor,64,320,001045F8,0,1,1,4294967295,0,0
FPS_Floor,96,320,003BB1DD,0,1,1,4294967295,0,0
FPS_Floor,128,320,0010A21A,0,1,1,4294967295,0,0
FPS_Floor,160,320,00213C62,0,1,1,4294967295,0,0
FPS_Floor,192,320,0014B9A3,0,1,1,4294967295,0,0
FPS_Floor,224,320,0022EB4F,0,1,1,4294967295,0,0
FPS_Floor,256,320,003F8982,0,1,1,4294967295,0,0
FPS_Floor,288,320,0001B966,0,1,1,4294967295,0,0
FPS_Floor,320,320,00041B3E,0,1,1,4294967295,0,0
FPS_Floor,352,320,002947E6,0,1,1,4294967295,0,0
FPS_Floor,384,320,00259C0F,0,1,1,4294967295,0,0
FPS_Floor,416,320,000F39B6,0,1,1,4294967295,0,0
FPS_Floor,448,320,0035CC90,0,1,1,4294967295,0,0
FPS_Floor,480,320,00044227,0,1,1,4294967295,0,0
FPS_Floor,512,320,000E2DDF,0,1,1,4294967295,0,0
FPS_Floor,544,320,00268291,0,1,1,4294967295,0,0
FPS_Floor,576,320,002776DF,0,1,1,4294967295,0,0
FPS_Floor,608,320,003FA729,0,1,1,4294967295,0,0
FPS_Floor,608,352,00057E86,0,1,1,4294967295,0,0
FPS_Floor,608,384,00198631,0,1,1,4294967295,0,0
FPS_Floor,608,416,000DED07,0,1,1,4294967295,0,0
FPS_Floor,608,448,0012DAF2,0,1,1,4294967295,0,0
FPS_Floor,576,448,000B5C87,0,1,1,4294967295,0,0
FPS_Floor,544,448,0017EF66,0,1,1,4294967295,0,0
FPS_Floor,512,448,0038F03E,0,1,1,4294967295,0,0
FPS_Floor,480,448,00262E87,0,1,1,4294967295,0,0
FPS_Floor,448,448,001A686F,0,1,1,4294967295,0,0
FPS_Floor,416,448,003ECB4C,0,1,1,4294967295,0,0
FPS_Floor,384,448,003F0675,0,1,1,4294967295,0,0
FPS_Floor,352,448,003C1321,0,1,1,4294967295,0,0
FPS_Floor,320,448,003F39A5,0,1,1,4294967295,0,0
FPS_Floor,288,448,003753E6,0,1,1,4294967295,0,0
FPS_Floor,256,448,0036EAE9,0,1,1,4294967295,0,0
FPS_Floor,224,448,001678F7,0,1,1,4294967295,0,0
FPS_Floor,192,448,00099A2F,0,1,1,4294967295,0,0
FPS_Floor,160,448,001D37E9,0,1,1,4294967295,0,0
FPS_Floor,128,448,000D3326,0,1,1,4294967295,0,0
FPS_Floor,96,448,003390C4,0,1,1,4294967295,0,0
FPS_Floor,64,448,00360C44,0,1,1,4294967295,0,0
FPS_Floor,32,448,00309AC4,0,1,1,4294967295,0,0
FPS_Floor,0,448,001CABF1,0,1,1,4294967295,0,0
FPS_Floor,0,416,000E57C0,0,1,1,4294967295,0,0
FPS_Floor,0,384,003381E9,0,1,1,4294967295,0,0
FPS_Floor,0,352,002BBDA6,0,1,1,4294967295,0,0
FPS_Floor,32,352,00394B02,0,1,1,4294967295,0,0
FPS_Floor,64,352,0028ED29,0,1,1,4294967295,0,0
FPS_Floor,96,352,0009C66A,0,1,1,4294967295,0,0
FPS_Floor,128,352,00257309,0,1,1,4294967295,0,0
FPS_Floor,160,352,00341514,0,1,1,4294967295,0,0
FPS_Floor,192,352,002713CF,0,1,1,4294967295,0,0
FPS_Floor,224,352,00245E1B,0,1,1,4294967295,0,0
FPS_Floor,256,352,00343E21,0,1,1,4294967295,0,0
FPS_Floor,288,352,002917E5,0,1,1,4294967295,0,0
FPS_Floor,320,352,001FD9A7,0,1,1,4294967295,0,0
FPS_Floor,352,352,001E195E,0,1,1,4294967295,0,0
FPS_Floor,384,352,001A8C68,0,1,1,4294967295,0,0
FPS_Floor,416,352,003A0FD7,0,1,1,4294967295,0,0
FPS_Floor,448,352,000FB892,0,1,1,4294967295,0,0
FPS_Floor,480,352,003C76BE,0,1,1,4294967295,0,0
FPS_Floor,512,352,001441E0,0,1,1,4294967295,0,0
FPS_Floor,544,352,00293A1C,0,1,1,4294967295,0,0
FPS_Floor,544,384,002D43CC,0,1,1,4294967295,0,0
FPS_Floor,576,384,000FA564,0,1,1,4294967295,0,0
FPS_Floor,576,352,0029AF17,0,1,1,4294967295,0,0
FPS_Floor,576,416,0018BD2E,0,1,1,4294967295,0,0
FPS_Floor,544,416,002D3552,0,1,1,4294967295,0,0
FPS_Floor,512,416,0008A4FF,0,1,1,4294967295,0,0
FPS_Floor,480,416,0001245F,0,1,1,4294967295,0,0
FPS_Floor,448,416,003F37A9,0,1,1,4294967295,0,0
FPS_Floor,416,416,0017CAD3,0,1,1,4294967295,0,0
FPS_Floor,384,416,0019E8EE,0,1,1,4294967295,0,0
FPS_Floor,352,416,003748D1,0,1,1,4294967295,0,0
FPS_Floor,320,416,00352C26,0,1,1,4294967295,0,0
FPS_Floor,288,416,001B924A,0,1,1,4294967295,0,0
FPS_Floor,256,416,0012B927,0,1,1,4294967295,0,0
FPS_Floor,224,416,000F6D79,0,1,1,4294967295,0,0
FPS_Floor,192,416,0010C0AC,0,1,1,4294967295,0,0
FPS_Floor,160,416,001D7C28,0,1,1,4294967295,0,0
FPS_Floor,128,416,002E9D28,0,1,1,4294967295,0,0
FPS_Floor,96,416,002C8DA1,0,1,1,4294967295,0,0
FPS_Floor,64,416,000F3126,0,1,1,4294967295,0,0
FPS_Floor,32,416,001662A4,0,1,1,4294967295,0,0
FPS_Floor,32,384,0021E777,0,1,1,4294967295,0,0
FPS_Floor,64,384,003EBEBF,0,1,1,4294967295,0,0
FPS_Floor,96,384,002070A4,0,1,1,4294967295,0,0
FPS_Floor,128,384,001BC272,0,1,1,4294967295,0,0
FPS_Floor,160,384,000223D5,0,1,1,4294967295,0,0
FPS_Floor,192,384,00359D33,0,1,1,4294967295,0,0
FPS_Floor,224,384,0038F78A,0,1,1,4294967295,0,0
FPS_Floor,256,384,000291E3,0,1,1,4294967295,0,0
FPS_Floor,288,384,00323C1E,0,1,1,4294967295,0,0
FPS_Floor,320,384,000935D7,0,1,1,4294967295,0,0
FPS_Floor,352,384,001B49DB,0,1,1,4294967295,0,0
FPS_Floor,384,384,001CE35C,0,1,1,4294967295,0,0
FPS_Floor,416,384,000D067A,0,1,1,4294967295,0,0
FPS_Floor,448,384,00028DE1,0,1,1,4294967295,0,0
FPS_Floor,480,384,001DE6F1,0,1,1,4294967295,0,0
FPS_Floor,512,384,001E07C9,0,1,1,4294967295,0,0
obj_wall2_hor,64,32,001E9B52,0,1,1,4294967295,0,0
obj_wall2_hor,64,32,00395896,0,1,1,4294967295,0,0
obj_wall2_hor,96,32,003DA376,0,1,1,4294967295,0,0
obj_wall2_hor,128,32,000886FA,0,1,1,4294967295,0,0
obj_wall2_hor,160,32,003EE2EB,0,1,1,4294967295,0,0
obj_wall2_hor,192,32,000EB9B4,0,1,1,4294967295,0,0
obj_wall2_hor,224,32,002261A7,0,1,1,4294967295,0,0
obj_wall1_hor,48,48,00117EBB,0,1,1,4294967295,0,0
obj_wall1_hor,48,80,003FD2B5,0,1,1,4294967295,0,0
obj_wall1_hor,48,112,003EFB2C,0,1,1,4294967295,0,0
obj_wall1_hor,48,144,00091957,0,1,1,4294967295,0,0
obj_wall1_hor,48,176,00393E83,0,1,1,4294967295,0,0
FPS_Floor,32,0,0026F87F,0,1,1,4294967295,0,0
obj_wall2_hor,64,192,0028FB54,0,1,1,4294967295,0,0
obj_wall2_hor,96,192,00136622,0,1,1,4294967295,0,0
obj_wall2_hor,128,192,0028BFF5,0,1,1,4294967295,0,0
obj_wall2_hor,160,192,003DA779,0,1,1,4294967295,0,0
obj_wall2_hor,192,192,000D352B,0,1,1,4294967295,0,0
obj_wall2_hor,224,192,0011EEAF,0,1,1,4294967295,0,0
obj_wall1_hor,240,176,0033F5EE,0,1,1,4294967295,0,0
obj_wall1_hor,240,48,0011C69F,0,1,1,4294967295,0,0
obj_wall1_hor,240,80,00022CF5,0,1,1,4294967295,0,0
obj_wall1_hor,240,144,002D13C7,0,1,1,4294967295,0,0
FPS_FLOOR_TETO,48,32,002C3B38,0,1,1,4294967295,0,0
FPS_FLOOR_TETO,80,32,00165C44,0,1,1,4294967295,0,0
FPS_FLOOR_TETO,112,32,003A653E,0,1,1,4294967295,0,0
FPS_FLOOR_TETO,144,32,001C53A2,0,1,1,4294967295,0,0
FPS_FLOOR_TETO,176,32,00065AB3,0,1,1,4294967295,0,0
FPS_FLOOR_TETO,208,32,0018605A,0,1,1,4294967295,0,0
FPS_FLOOR_TETO,208,64,00403B1B,0,1,1,4294967295,0,0
FPS_FLOOR_TETO,208,96,00330897,0,1,1,4294967295,0,0
FPS_FLOOR_TETO,208,128,0020BC96,0,1,1,4294967295,0,0
FPS_FLOOR_TETO,208,160,00190AE7,0,1,1,4294967295,0,0
FPS_FLOOR_TETO,176,160,0021FBD6,0,1,1,4294967295,0,0
FPS_FLOOR_TETO,144,160,0010D5E2,0,1,1,4294967295,0,0
FPS_FLOOR_TETO,112,160,00077519,0,1,1,4294967295,0,0
FPS_FLOOR_TETO,80,160,0024D14C,0,1,1,4294967295,0,0
FPS_FLOOR_TETO,48,160,00115038,0,1,1,4294967295,0,0
FPS_FLOOR_TETO,48,128,001E8361,0,1,1,4294967295,0,0
FPS_FLOOR_TETO,48,96,002A2BD1,0,1,1,4294967295,0,0
FPS_FLOOR_TETO,48,64,0013198B,0,1,1,4294967295,0,0
FPS_FLOOR_TETO,80,64,000EC557,0,1,1,4294967295,0,0
FPS_FLOOR_TETO,112,64,0003C8F2,0,1,1,4294967295,0,0
FPS_FLOOR_TETO,144,64,003BDA76,0,1,1,4294967295,0,0
FPS_FLOOR_TETO,176,64,002ABCC3,0,1,1,4294967295,0,0
FPS_FLOOR_TETO,176,96,0008E63F,0,1,1,4294967295,0,0
FPS_FLOOR_TETO,144,96,001FC54D,0,1,1,4294967295,0,0
FPS_FLOOR_TETO,112,96,0011E4B2,0,1,1,4294967295,0,0
FPS_FLOOR_TETO,80,96,00339844,0,1,1,4294967295,0,0
FPS_FLOOR_TETO,80,128,002594C9,0,1,1,4294967295,0,0
FPS_FLOOR_TETO,112,128,00107D20,0,1,1,4294967295,0,0
FPS_FLOOR_TETO,144,128,001E4F6B,0,1,1,4294967295,0,0
FPS_FLOOR_TETO,176,128,0013A7C5,0,1,1,4294967295,0,0
FPS_Floor,16,160,003B8A93,0,1,1,4294967295,0,0
FPS_Floor,16,128,0032FA70,0,1,1,4294967295,0,0
FPS_Floor,16,96,00329E1B,0,1,1,4294967295,0,0
FPS_Floor,16,64,00209B62,0,1,1,4294967295,0,0
FPS_Floor,16,32,0014CA1E,0,1,1,4294967295,0,0
FPS_Floor,240,32,00084536,0,1,1,4294967295,0,0
FPS_Floor,240,64,000E409D,0,1,1,4294967295,0,0
FPS_Floor,240,96,001FC503,0,1,1,4294967295,0,0
FPS_Floor,240,128,00209C4C,0,1,1,4294967295,0,0
FPS_Floor,240,160,0009806E,0,1,1,4294967295,0,0
FPS_PLAYER,464,368,0005AC94,0,1,1,4294967295,0,0
colizao,32,160,0002C5CE,0,1,1,4294967295,0,0
colizao,32,128,00094356,0,1,1,4294967295,0,0
colizao,32,96,0036B152,0,1,1,4294967295,0,0
colizao,32,64,001F4F28,0,1,1,4294967295,0,0
colizao,32,32,0039949B,0,1,1,4294967295,0,0
colizao,48,16,003A04C4,0,1,1,4294967295,0,0
colizao,80,16,00086251,0,1,1,4294967295,0,0
colizao,128,16,00181115,0,1,1,4294967295,0,0
colizao,112,16,000317DB,0,1,1,4294967295,0,0
colizao,176,16,0025A40A,0,1,1,4294967295,0,0
colizao,208,16,0037A2A2,0,1,1,4294967295,0,0
colizao,224,32,000E2429,0,1,1,4294967295,0,0
colizao,224,64,003E9529,0,1,1,4294967295,0,0
colizao,224,128,003C08FE,0,1,1,4294967295,0,0
colizao,224,160,00186587,0,1,1,4294967295,0,0
colizao,224,176,001F3529,0,1,1,4294967295,0,0
colizao,192,176,003D3FFF,0,1,1,4294967295,0,0
colizao,160,176,003DE91F,0,1,1,4294967295,0,0
colizao,128,176,0023FABE,0,1,1,4294967295,0,0
colizao,96,176,001A43AF,0,1,1,4294967295,0,0
colizao,64,176,003BE76A,0,1,1,4294967295,0,0
colizao,-16,0,003C7BC8,0,1,1,4294967295,0,0
colizao,0,32,000BDB77,0,1,1,4294967295,0,0
colizao,0,64,00352B9B,0,1,1,4294967295,0,0
colizao,0,96,00254EC4,0,1,1,4294967295,0,0
colizao,0,32,0017904A,0,1,1,4294967295,0,0
colizao,-16,32,00106B93,0,1,1,4294967295,0,0
colizao,-16,64,0001CA77,0,1,1,4294967295,0,0
colizao,-16,96,001E5507,0,1,1,4294967295,0,0
colizao,0,128,0023FE8B,0,1,1,4294967295,0,0
colizao,-16,128,00188970,0,1,1,4294967295,0,0
colizao,-16,160,0036DBFE,0,1,1,4294967295,0,0
colizao,-16,192,0023E26D,0,1,1,4294967295,0,0
colizao,-16,224,002E5381,0,1,1,4294967295,0,0
colizao,-16,256,0020ED17,0,1,1,4294967295,0,0
colizao,-16,288,00239180,0,1,1,4294967295,0,0
colizao,-16,320,0017210B,0,1,1,4294967295,0,0
colizao,-16,352,00246550,0,1,1,4294967295,0,0
colizao,-16,384,00244097,0,1,1,4294967295,0,0
colizao,-16,416,00072D99,0,1,1,4294967295,0,0
colizao,-16,448,0022E8F5,0,1,1,4294967295,0,0
colizao,0,480,003A63A5,0,1,1,4294967295,0,0
colizao,32,480,002FBA00,0,1,1,4294967295,0,0
colizao,64,480,00026561,0,1,1,4294967295,0,0
colizao,96,480,0033F3C7,0,1,1,4294967295,0,0
colizao,128,480,00320088,0,1,1,4294967295,0,0
colizao,160,480,0026AAF8,0,1,1,4294967295,0,0
colizao,192,480,0036A24C,0,1,1,4294967295,0,0
colizao,224,480,00109216,0,1,1,4294967295,0,0
colizao,256,480,003D7494,0,1,1,4294967295,0,0
colizao,288,480,0008F24D,0,1,1,4294967295,0,0
colizao,320,480,003009E2,0,1,1,4294967295,0,0
colizao,352,480,002B0106,0,1,1,4294967295,0,0
colizao,384,480,00017AA6,0,1,1,4294967295,0,0
colizao,416,480,001E9FA0,0,1,1,4294967295,0,0
colizao,448,480,000C0542,0,1,1,4294967295,0,0
colizao,480,480,0015EC33,0,1,1,4294967295,0,0
colizao,512,480,00121F91,0,1,1,4294967295,0,0
colizao,544,480,003AE38B,0,1,1,4294967295,0,0
colizao,576,480,0017A338,0,1,1,4294967295,0,0
colizao,608,480,001C3F87,0,1,1,4294967295,0,0
colizao,640,448,000AD8FC,0,1,1,4294967295,0,0
colizao,640,416,001B8D1D,0,1,1,4294967295,0,0
colizao,640,384,00364C52,0,1,1,4294967295,0,0
colizao,640,352,00009CBB,0,1,1,4294967295,0,0
colizao,640,320,000068E5,0,1,1,4294967295,0,0
colizao,640,288,003752F0,0,1,1,4294967295,0,0
colizao,640,256,00310A43,0,1,1,4294967295,0,0
colizao,640,224,00052C94,0,1,1,4294967295,0,0
colizao,640,192,000DB430,0,1,1,4294967295,0,0
colizao,640,160,001AB2B5,0,1,1,4294967295,0,0
colizao,640,128,001C7895,0,1,1,4294967295,0,0
colizao,640,96,00223943,0,1,1,4294967295,0,0
colizao,640,64,0014E38D,0,1,1,4294967295,0,0
colizao,640,32,000CC98D,0,1,1,4294967295,0,0
colizao,640,0,00138671,0,1,1,4294967295,0,0
colizao,608,-32,0029A0F0,0,1,1,4294967295,0,0
colizao,576,-32,001C4207,0,1,1,4294967295,0,0
colizao,544,-32,0038B7B4,0,1,1,4294967295,0,0
colizao,512,-32,0016F15A,0,1,1,4294967295,0,0
colizao,480,-32,002155A8,0,1,1,4294967295,0,0
colizao,448,-32,003CB075,0,1,1,4294967295,0,0
colizao,416,-32,0031B951,0,1,1,4294967295,0,0
colizao,384,-32,00309B94,0,1,1,4294967295,0,0
colizao,352,-32,002F31DC,0,1,1,4294967295,0,0
colizao,320,-32,0028B596,0,1,1,4294967295,0,0
colizao,288,-32,00368213,0,1,1,4294967295,0,0
colizao,256,-32,0008D421,0,1,1,4294967295,0,0
colizao,224,-32,000109F5,0,1,1,4294967295,0,0
colizao,192,-32,00253A7C,0,1,1,4294967295,0,0
colizao,160,-32,00225213,0,1,1,4294967295,0,0
colizao,128,-32,002F1465,0,1,1,4294967295,0,0
colizao,96,-32,002EC232,0,1,1,4294967295,0,0
colizao,64,-32,00173344,0,1,1,4294967295,0,0
colizao,32,-32,00134243,0,1,1,4294967295,0,0
colizao,0,-32,001FAA6D,0,1,1,4294967295,0,0
letter_01,432,304,001B4C17,0,1,1,4294967295,0,0
letter_02,96,96,002115B3,0,1,1,4294967295,0,0
