colizao,608,192,00404680,0,1,1,4294967295,0,0
colizao,576,192,0033F7EB,0,1,1,4294967295,0,0
colizao,544,192,001FCB93,0,1,1,4294967295,0,0
colizao,512,192,0038A6E1,0,1,1,4294967295,0,0
colizao,480,192,001A3976,0,1,1,4294967295,0,0
colizao,448,192,0033B837,0,1,1,4294967295,0,0
colizao,416,192,0011FEE2,0,1,1,4294967295,0,0
colizao,416,224,00359BAF,0,1,1,4294967295,0,0
colizao,416,256,000E9512,0,1,1,4294967295,0,0
colizao,384,256,0011A462,0,1,1,4294967295,0,0
colizao,352,256,0017FCA7,0,1,1,4294967295,0,0
colizao,320,256,00331839,0,1,1,4294967295,0,0
colizao,288,256,001D74CC,0,1,1,4294967295,0,0
colizao,256,224,000F993E,0,1,1,4294967295,0,0
colizao,288,224,000F31FD,0,1,1,4294967295,0,0
colizao,224,224,002F8CCE,0,1,1,4294967295,0,0
colizao,224,256,003EBAFD,0,1,1,4294967295,0,0
colizao,192,256,0019BDC2,0,1,1,4294967295,0,0
colizao,160,256,0012C8F6,0,1,1,4294967295,0,0
colizao,160,224,002CB963,0,1,1,4294967295,0,0
colizao,160,192,0008ED66,0,1,1,4294967295,0,0
colizao,128,192,003840F8,0,1,1,4294967295,0,0
colizao,96,192,00274038,0,1,1,4294967295,0,0
colizao,64,192,00079705,0,1,1,4294967295,0,0
colizao,32,192,00309ECC,0,1,1,4294967295,0,0
colizao,0,192,003C471D,0,1,1,4294967295,0,0
player,352,384,001BB25E,0,1,1,4294967295,0,0
Cavalo,512,256,003DC896,0,1,1,4294967295,0,0
TP_MINEFOOD_INTERIOR,256,256,002D96D0,0,1,1,4294967295,0,0
TP_MINEFOOD_INTERIOR,256,288,0003496D,0,1,1,4294967295,0,0
TP_MINEFOOD_INTERIOR,224,288,001F8430,0,1,1,4294967295,0,0
TP_MINEFOOD_INTERIOR,288,288,002143E1,0,1,1,4294967295,0,0
TP_FERGUS,0,224,0025F807,0,1,1,4294967295,0,0
TP_FERGUS,0,256,003FE006,0,1,1,4294967295,0,0
TP_FERGUS,0,288,0023F7F5,0,1,1,4294967295,0,0
TP_FERGUS,0,320,00361130,0,1,1,4294967295,0,0
TP_FERGUS,0,352,00103CFE,0,1,1,4294967295,0,0
TP_FERGUS,0,384,0012B18E,0,1,1,4294967295,0,0
TP_FERGUS,0,416,001CAD09,0,1,1,4294967295,0,0
TP_FERGUS,0,448,002671DC,0,1,1,4294967295,0,0
